1 0 0 0
0 1 0 0
0 0 1 0
0 0 0 1
   0.999926 -0.00083776  -0.0121588  0.00605349
0.000872119    0.999996  0.00282076 -0.00515577
  0.0121564 -0.00283115    0.999922  0.00252021
          0           0           0           1
   0.999922  0.00491995  -0.0114888 -0.00276871
-0.00496023    0.999982 -0.00348002  -0.0159568
  0.0114714  0.00353674    0.999928  0.00356639
          0           0           0           1
   0.999746  0.00192585  -0.0224669  0.00661344
 -0.0021489    0.999949 -0.00990823  -0.0163663
  0.0224467  0.00995399    0.999698  0.00249504
          0           0           0           1
   0.999283    0.005024  -0.0375366   0.0199808
-0.00559801    0.999869  -0.0152027   -0.015243
  0.0374553   0.0154019     0.99918  0.00570008
          0           0           0           1
   0.998425  0.00923365  -0.0553407   0.0374701
-0.00977086    0.999908 -0.00944455  -0.0207909
  0.0552484   0.0099704    0.998423  0.00548004
          0           0           0           1
   0.999232   0.0170025  -0.0352957  0.00926928
 -0.0173325    0.999809 -0.00906649  -0.0174416
  0.0351348  0.00967129    0.999336  0.00428804
          0           0           0           1
   0.998694   0.0238116  -0.0452134   0.0238146
 -0.0244285    0.999615  -0.0131427 -0.00845945
  0.0448831   0.0142301    0.998891  0.00888855
          0           0           0           1
   0.999289   0.0310522  -0.0213602 -0.00224105
 -0.0313871    0.999387  -0.0155232   0.0017413
  0.0208651   0.0161826    0.999651  0.00481123
          0           0           0           1
   0.999086   0.0323279  -0.0279485   0.0100274
 -0.0323427    0.999477 -8.0013e-05 -0.00950293
  0.0279313 0.000983871    0.999609  0.00535308
          0           0           0           1
   0.999376   0.0330183   -0.012549 -0.00867607
  -0.032979    0.999451  0.00332669 -0.00480653
   0.012652 -0.00291076    0.999916  0.00883153
          0           0           0           1
   0.999152   0.0352274  -0.0213123   0.0028527
 -0.0352568    0.999378 -0.00100551   0.0011691
  0.0212636  0.00175606    0.999772   0.0106694
          0           0           0           1
   0.998906   0.0374364  -0.0280373   0.0121319
 -0.0372754    0.999286  0.00624373 -0.00156577
   0.028251 -0.00519179    0.999587   0.0128861
          0           0           0           1
   0.998811   0.0394801  -0.0286095   0.0139809
 -0.0393001    0.999204  0.00682824   0.0010488
  0.0288563 -0.00569576    0.999567   0.0155255
          0           0           0           1
  0.998956  0.0404044 -0.0213273   0.005927
 -0.040175   0.999131  0.0110786  -0.004864
 0.0217564 -0.0102102   0.999711  0.0132703
         0          0          0          1
    0.999173    0.0370634   -0.0167501 -0.000224809
  -0.0368878     0.999262    0.0106704  -0.00342906
   0.0171332   -0.0100437     0.999803    0.0127785
           0            0            0            1
   0.999202     0.03634  -0.0165982  -0.0023358
 -0.0362669    0.999331  0.00468437   0.0051812
  0.0167573 -0.00407866    0.999851    0.012738
          0           0           0           1
  0.998785  0.0386195 -0.0306015  0.0145198
 -0.038165   0.999154  0.0153004  -0.010375
 0.0311665  -0.014114   0.999415  0.0178303
         0          0          0          1
   0.998868    0.037913  -0.0287182   0.0119638
 -0.0376776    0.999252  0.00869331  -0.0019417
  0.0290263 -0.00760143     0.99955   0.0149551
          0           0           0           1
    0.99915    0.038132  -0.0156527 -0.00516296
  -0.038128    0.999273 0.000556314  0.00965213
  0.0156625 4.09648e-05    0.999877   0.0154383
          0           0           0           1
    0.999028    0.0397555    -0.019064  -0.00124119
  -0.0395178     0.999138     0.012687 -0.000613864
    0.019552   -0.0119213     0.999738     0.013489
           0            0            0            1
   0.998507   0.0441475  -0.0321676   0.0157903
 -0.0435159    0.998851    0.020078 -0.00468559
  0.0330171  -0.0186482    0.999281   0.0142813
          0           0           0           1
   0.998217    0.045743  -0.0383549    0.023128
 -0.0450973    0.998829   0.0175369 -0.00109648
  0.0391122   -0.015776     0.99911   0.0156533
          0           0           0           1
   0.998109   0.0505012   -0.035038   0.0200164
 -0.0496908    0.998485   0.0236279 -0.00318219
  0.0361782  -0.0218422    0.999107   0.0150173
          0           0           0           1
  0.997688  0.0569982 -0.0370188  0.0258086
-0.0561543   0.998147  0.0234493 0.00309544
 0.0382868 -0.0213163   0.999039  0.0168757
         0          0          0          1
  0.997408  0.0619218  -0.036658  0.0301701
-0.0608501   0.997706  0.0296635 0.00394719
 0.0384107  -0.027356   0.998888  0.0201988
         0          0          0          1
  0.997279  0.0709988 -0.0198338  0.0127424
-0.0701984    0.99679  0.0384948 0.00322297
 0.0225032 -0.0369977   0.999062  0.0165976
         0          0          0          1
   0.996774   0.0743164  -0.0302975   0.0265479
 -0.0729386    0.996352   0.0442934 -0.00395366
  0.0334787  -0.0419407    0.998559   0.0213652
          0           0           0           1
  0.997174  0.0727768 -0.0186673 0.00894201
-0.0720413   0.996699  0.0374409 0.00091773
 0.0213305 -0.0359902   0.999124  0.0195695
         0          0          0          1
  0.996581  0.0740032 -0.0367284  0.0292135
-0.0726263   0.996654  0.0375059 0.00472278
  0.039381 -0.0347102   0.998621   0.021312
         0          0          0          1
    0.997164     0.073191   -0.0175367 -0.000459034
  -0.0723427     0.996368    0.0449166  -0.00534659
   0.0207605   -0.0435205     0.998837    0.0180515
           0            0            0            1
   0.996838   0.0711535  -0.0353603   0.0188172
  -0.069592    0.996623   0.0435856 -0.00765788
  0.0383421   -0.040987    0.998424   0.0214012
          0           0           0           1
   0.997037    0.070523  -0.0307266   0.0118445
 -0.0692065    0.996718   0.0419903 -0.00772015
  0.0335871  -0.0397394    0.998645    0.019831
          0           0           0           1
  0.997068  0.0708687 -0.0288661  0.0080612
  -0.06943   0.996426  0.0481161 -0.0155228
 0.0321729 -0.0459708   0.998425  0.0171105
         0          0          0          1
  0.996586   0.073768 -0.0370893  0.0169585
-0.0719883   0.996287  0.0472246 -0.0149591
 0.0404353 -0.0443933   0.998195  0.0191116
         0          0          0          1
  0.996729  0.0721372  -0.036442  0.0136413
-0.0702758   0.996273  0.0500091 -0.0210495
 0.0399137 -0.0472845   0.998084  0.0184359
         0          0          0          1
  0.996487  0.0740183 -0.0391727  0.0146554
-0.0722238   0.996355  0.0453988 -0.0179637
 0.0423902 -0.0424101   0.998201  0.0184307
         0          0          0          1
  0.996444  0.0758151 -0.0367562 0.00908268
-0.0741404   0.996234  0.0449647 -0.0189502
 0.0400267 -0.0420797   0.998312  0.0183466
         0          0          0          1
  0.995937  0.0786787 -0.0438047  0.0161683
-0.0768872   0.996189  0.0411835 -0.0178784
 0.0468781 -0.0376482   0.998191  0.0205817
         0          0          0          1
  0.995599  0.0811904 -0.0468113  0.0186593
-0.0791871   0.995924  0.0431719 -0.0204526
 0.0501256  -0.039275    0.99797  0.0214005
         0          0          0          1
  0.995319  0.0821727 -0.0508756  0.0229577
-0.0794856   0.995439  0.0527625 -0.0293858
 0.0549792 -0.0484717    0.99731  0.0238936
         0          0          0          1
  0.995317  0.0817626 -0.0515659  0.0224704
 -0.078953   0.995395   0.054354 -0.0284181
 0.0557726 -0.0500282   0.997189  0.0261832
         0          0          0          1
  0.995719  0.0778482 -0.0498346  0.0195764
-0.0749916   0.995563  0.0568326 -0.0282467
 0.0540378 -0.0528521   0.997139  0.0287174
         0          0          0          1
   0.99534  0.0806796 -0.0528059  0.0248493
-0.0771531   0.994851  0.0657228 -0.0369073
 0.0578365 -0.0613424    0.99644  0.0323185
         0          0          0          1
  0.995243  0.0788793 -0.0571768   0.032097
-0.0751774   0.995099  0.0642383 -0.0340085
 0.0619636 -0.0596343   0.996295  0.0329029
         0          0          0          1
  0.995319  0.0775224 -0.0577145  0.0341159
-0.0730436   0.994426  0.0760399 -0.0449578
 0.0632876 -0.0714682   0.995433  0.0373864
         0          0          0          1
  0.995349    0.07858 -0.0557298  0.0319267
-0.0738231   0.993827  0.0828138  -0.048745
 0.0618933 -0.0783145   0.995006   0.042552
         0          0          0          1
  0.994012   0.084926 -0.0687524  0.0496687
-0.0788098   0.993064  0.0872549 -0.0545351
 0.0756858 -0.0813141   0.993811   0.052165
         0          0          0          1
  0.994833    0.08528 -0.0550901  0.0337239
-0.0803145   0.992983  0.0868055 -0.0604129
 0.0621063 -0.0819324   0.994701  0.0572126
         0          0          0          1
  0.994666  0.0900544 -0.0503052  0.0308235
-0.0860294   0.993301  0.0771433 -0.0559143
 0.0569153 -0.0724041    0.99575  0.0628495
         0          0          0          1
   0.99471  0.0941351 -0.0411107  0.0227422
-0.0907132   0.992787  0.0783927 -0.0614695
 0.0481937 -0.0742487   0.996075  0.0681961
         0          0          0          1
  0.993886  0.0985936    -0.0497  0.0342656
 -0.094068   0.991811  0.0863848 -0.0757853
   0.05781 -0.0811815   0.995021  0.0786837
         0          0          0          1
  0.993856   0.101897 -0.0432061  0.0280362
-0.0980851   0.991737  0.0826899 -0.0764223
 0.0512749  -0.077944   0.995638   0.083019
         0          0          0          1
  0.993195   0.106652 -0.0467842   0.034651
 -0.102828   0.991661  0.0776825 -0.0747694
  0.054679 -0.0723432    0.99588  0.0913512
         0          0          0          1
  0.992932   0.110496   -0.04332  0.0321252
 -0.107132   0.991524  0.0735086 -0.0757207
 0.0510752 -0.0683481   0.996353   0.100262
         0          0          0          1
  0.993593   0.109081 -0.0295804  0.0145094
 -0.106871   0.991936  0.0681307 -0.0685112
 0.0367736 -0.0645329   0.997238  0.0969818
         0          0          0          1
  0.992999   0.115357 -0.0254019   0.012009
 -0.113258   0.990912  0.0725739 -0.0800652
 0.0335429 -0.0691888    0.99704   0.102408
         0          0          0          1
   0.99259   0.119714 -0.0208302    0.00939
 -0.117922   0.990365  0.0726058 -0.0810697
 0.0293214 -0.0696114   0.997143   0.111211
         0          0          0          1
  0.992642   0.120196 -0.0146578  0.0027278
 -0.118877   0.990383  0.0707741 -0.0782149
 0.0230235 -0.0685109   0.997385   0.117647
         0          0          0          1
    0.9924   0.121111 -0.0217873  0.0100469
 -0.119014   0.989646  0.0802305 -0.0873502
 0.0312785 -0.0770277   0.996538   0.125917
         0          0          0          1
   0.99169   0.123994 -0.0343026  0.0240795
 -0.120785   0.989152  0.0836048 -0.0837369
  0.044297 -0.0787668   0.995908   0.134332
         0          0          0          1
  0.991841   0.124537  -0.027251  0.0160611
 -0.121443   0.988025   0.095179 -0.0900014
 0.0387779 -0.0910929   0.995087   0.140287
         0          0          0          1
  0.992048   0.123704 -0.0232024   0.012996
 -0.120729   0.987393   0.102371 -0.0948197
 0.0355736 -0.0987558   0.994476    0.14748
         0          0          0          1
  0.991831   0.126658 -0.0151336 0.00631122
 -0.124566   0.987271  0.0988869 -0.0902318
 0.0274658  -0.096194   0.994984   0.152724
         0          0          0          1
  0.991432   0.129644 -0.0159847   0.008304
  -0.12714   0.985804   0.109659  -0.106649
 0.0299744  -0.106687   0.993841   0.161273
         0          0          0          1
 0.991324  0.129851 -0.020388 0.0120877
-0.126816  0.985648  0.111422 -0.107319
0.0345637  -0.10787  0.993564   0.16676
        0         0         0         1
  0.990972   0.134063 0.00146432 -0.0143888
 -0.133355   0.984495   0.113952   -0.10954
 0.0138351  -0.113119   0.993485   0.171153
         0          0          0          1
  0.991264   0.129007 -0.0274205  0.0175368
 -0.124618   0.984228   0.125559  -0.116265
  0.043186  -0.121045   0.991707   0.176928
         0          0          0          1
  0.990503   0.130883 -0.0421177  0.0331011
 -0.124321   0.983393   0.132221  -0.115007
 0.0587237  -0.125729   0.990325   0.181582
         0          0          0          1
 0.990743  0.131704 -0.032906 0.0229022
-0.125911  0.982125  0.139916  -0.11803
0.0507453 -0.134478  0.989616  0.187245
        0         0         0         1
  0.990404   0.135443 -0.0274801  0.0173436
 -0.130185   0.981061   0.143429  -0.119731
 0.0463861  -0.138475   0.989279   0.192346
         0          0          0          1
   0.99002   0.137879 -0.0291567  0.0221719
  -0.13206   0.979881   0.149643  -0.120991
 0.0492027  -0.144299    0.98831   0.197698
         0          0          0          1
  0.990105   0.139194 -0.0177929  0.0114467
 -0.135067   0.979692   0.148192  -0.116085
  0.038059  -0.144322   0.988799   0.199869
         0          0          0          1
  0.988727   0.146838 -0.0292736  0.0268327
 -0.140764   0.978231   0.152481  -0.119361
 0.0510263  -0.146641   0.987873   0.203601
         0          0          0          1
  0.988358   0.150688 -0.0210299  0.0171776
 -0.145601   0.976856   0.156691  -0.123277
 0.0441546  -0.151805   0.987424   0.209572
         0          0          0          1
  0.988182   0.149622 -0.0333141  0.0323475
 -0.142382   0.976452   0.162076  -0.124484
 0.0567798  -0.155417   0.986216   0.213945
         0          0          0          1
  0.987863   0.148874 -0.0442983  0.0424727
 -0.138176   0.972564   0.187154   -0.14924
 0.0709453  -0.178761   0.981331   0.225293
         0          0          0          1
  0.987309   0.150757 -0.0499256  0.0486932
 -0.142508   0.979784   0.140408 -0.0965753
 0.0700838  -0.131511   0.988834   0.212836
         0          0          0          1
  0.987384    0.14841 -0.0552111  0.0501586
  -0.13953   0.980304    0.13977 -0.0972989
 0.0748669  -0.130303   0.988644   0.217838
         0          0          0          1
  0.986236   0.151205 -0.0669049  0.0588003
 -0.140481   0.979668    0.14323  -0.101616
 0.0872017   -0.13186   0.987425   0.222248
         0          0          0          1
  0.985255   0.152664 -0.0772438  0.0680829
 -0.140003   0.978889   0.148913   -0.10791
 0.0983467  -0.135903   0.985829   0.228188
         0          0          0          1
  0.983403   0.159867 -0.0858014  0.0766719
 -0.144612   0.976224   0.161474  -0.121605
  0.109576  -0.146386    0.98314   0.237712
         0          0          0          1
  0.982722   0.163164 -0.0873786  0.0800815
 -0.148576   0.976949   0.153286  -0.109734
  0.110375  -0.137655   0.984311   0.235369
         0          0          0          1
  0.981592   0.167168 -0.0923709  0.0871517
 -0.151936   0.976524   0.152698  -0.106235
  0.115729  -0.135852   0.983947   0.239653
         0          0          0          1
 0.979661  0.174018 -0.099907 0.0963243
-0.156324  0.974043  0.163718 -0.114676
 0.125804 -0.144771  0.981435  0.245512
        0         0         0         1
 0.976275  0.184473 -0.113386  0.110042
-0.162885   0.97068  0.176774 -0.129914
 0.142671 -0.154111  0.977699  0.256358
        0         0         0         1
  0.976974   0.187408  -0.101983  0.0949936
 -0.173675   0.976173   0.130088 -0.0816496
  0.123932   -0.10938   0.986244   0.239555
         0          0          0          1
 0.970949  0.205653 -0.122328  0.112086
 -0.18418   0.96867    0.1666 -0.126977
 0.152757  -0.13923  0.978407   0.25704
        0         0         0         1
 0.970873  0.205736 -0.122792  0.111013
-0.183929  0.968422  0.168312 -0.126689
 0.153542 -0.140824  0.978056  0.266252
        0         0         0         1
  0.96439   0.22586 -0.137623  0.120265
-0.198919   0.96232  0.185393 -0.150201
  0.17431 -0.151416   0.97298  0.274095
        0         0         0         1
 0.960905  0.227823 -0.157345  0.135853
-0.197273  0.962096  0.188295 -0.146238
 0.194279 -0.149894  0.969426  0.278148
        0         0         0         1
 0.958979  0.232972 -0.161504  0.133274
 -0.19772  0.957968  0.207858 -0.161377
  0.20314 -0.167399  0.964734  0.281047
        0         0         0         1
 0.954737  0.239019 -0.177053  0.144127
-0.195891  0.953164  0.230444 -0.190909
 0.223841  -0.18533  0.956843  0.292586
        0         0         0         1
  0.95455  0.237457 -0.180134  0.142553
-0.200129  0.958505  0.203017 -0.173264
 0.220867  -0.15774  0.962464  0.282855
        0         0         0         1
 0.950239  0.242027 -0.196132  0.154134
-0.205795  0.960361   0.18803 -0.172722
 0.233866 -0.138311  0.962381  0.284824
        0         0         0         1
 0.945945  0.246002 -0.211357  0.166262
-0.212076  0.962216  0.170775 -0.167541
 0.245382  -0.11672  0.962374  0.284735
        0         0         0         1
  0.945239    0.25328  -0.205844   0.153867
 -0.224669   0.962423    0.15253  -0.165153
  0.236742 -0.0979309   0.966624   0.278296
         0          0          0          1
   0.94081   0.256036  -0.222084   0.167458
 -0.227574    0.96277   0.145887  -0.173655
  0.251169 -0.0867117   0.964052   0.280325
         0          0          0          1
 0.942013  0.257937 -0.214664  0.154267
-0.235586  0.963866  0.124344  -0.16497
 0.238981 -0.066562   0.96874  0.270188
        0         0         0         1
  0.943175   0.253382  -0.214985   0.149836
 -0.238206   0.966633  0.0942271  -0.128462
  0.231687 -0.0376619   0.972061     0.2798
         0          0          0          1
  0.938577   0.254473  -0.233058   0.161197
 -0.241033   0.966793  0.0849354  -0.141922
  0.246933 -0.0235438   0.968747   0.284082
         0          0          0          1
   0.94002   0.251489  -0.230467   0.148242
 -0.240949   0.967768  0.0732695  -0.156486
  0.241465 -0.0133439   0.970318   0.277843
         0          0          0          1
  0.935369    0.25102  -0.249145   0.154884
 -0.244721   0.967948  0.0564722  -0.165947
  0.255335 0.00814854   0.966818   0.278499
         0          0          0          1
 0.930598  0.250403 -0.266995  0.161402
 -0.24932  0.967655 0.0385293 -0.168483
 0.268007 0.0307119  0.962927  0.274657
        0         0         0         1
 0.925133  0.249037 -0.286547  0.173149
-0.254146  0.966962 0.0198611 -0.166063
 0.282026 0.0544505   0.95786  0.274535
        0         0         0         1
 0.927863  0.247294 -0.279134  0.158649
-0.252267  0.967479 0.0185671 -0.177479
 0.274648 0.0531888  0.960073  0.267145
        0         0         0         1
  0.919375   0.250474  -0.303335   0.178273
 -0.261466   0.965202 0.00452357  -0.176183
  0.293913   0.075153   0.952873   0.270928
         0          0          0          1
  0.918449   0.252006  -0.304867   0.176828
 -0.263265   0.964714 0.00432046  -0.188575
  0.295198  0.0762928   0.952385   0.268878
         0          0          0          1
  0.922149   0.245703  -0.298781   0.166696
  -0.26105   0.965252 -0.0119217  -0.186266
   0.28547  0.0889905   0.954247   0.264549
         0          0          0          1
  0.919939    0.24528  -0.305858   0.169212
 -0.263519   0.964464 -0.0191505  -0.194162
  0.290292  0.0982166   0.951884   0.264609
         0          0          0          1
  0.898098   0.246796  -0.364022   0.236136
  -0.27162   0.962241 -0.0177586  -0.197981
  0.345894   0.114825   0.931221   0.290386
         0          0          0          1
  0.894875   0.242253  -0.374849   0.243498
 -0.271576    0.96205 -0.0265895   -0.19671
  0.354182   0.125595   0.926704   0.289878
         0          0          0          1
  0.892712   0.239057  -0.381991   0.244651
 -0.270911   0.962105 -0.0310155  -0.202421
  0.360101   0.131173   0.923646   0.289027
         0          0          0          1
  0.893328   0.239189  -0.380466   0.236608
 -0.270298   0.962319 -0.0296704  -0.214361
  0.359033   0.129344   0.924319   0.284713
         0          0          0          1
  0.894212   0.235186  -0.380883   0.231876
  -0.26984   0.962097 -0.0394405  -0.213513
  0.357171   0.138046   0.923782   0.282592
         0          0          0          1
  0.892717   0.235961  -0.383899   0.231489
 -0.274455   0.960406 -0.0479073  -0.216697
  0.357395   0.148131   0.922131    0.28225
         0          0          0          1
  0.891116   0.235346  -0.387975   0.233268
 -0.277099   0.959292 -0.0545424  -0.222474
  0.359345   0.156111   0.920054   0.281317
         0          0          0          1
  0.892451   0.230305  -0.387931   0.229107
  -0.27672   0.958575 -0.0675224  -0.222344
   0.35631   0.167609   0.919212   0.280238
         0          0          0          1
  0.893074   0.230925  -0.386124   0.223177
 -0.277248   0.958383 -0.0680837  -0.231158
  0.354333   0.167856   0.919931   0.275175
         0          0          0          1
  0.891177   0.231273  -0.390277   0.224064
 -0.280608   0.956992 -0.0736543  -0.231592
  0.356458   0.175154   0.917747   0.273733
         0          0          0          1
  0.890707   0.227436  -0.393592   0.223888
 -0.280958   0.956095 -0.0833379  -0.234698
  0.357357   0.184812     0.9155   0.273471
         0          0          0          1
  0.901451   0.245394  -0.356606   0.185937
 -0.279207   0.959139 -0.0457765  -0.275481
  0.330802   0.140832   0.933133   0.249409
         0          0          0          1
  0.901418   0.245406  -0.356681   0.183939
 -0.280641   0.958522 -0.0497573  -0.285081
  0.329676   0.144952     0.9329   0.246434
         0          0          0          1
  0.898162   0.241939  -0.367111   0.193546
 -0.281254   0.957952 -0.0567832  -0.289724
  0.337937   0.154252   0.928442    0.24606
         0          0          0          1
   0.90072   0.236969  -0.364074   0.186976
 -0.278885   0.958026 -0.0664008   -0.29365
  0.333057   0.161343      0.929    0.24407
         0          0          0          1
  0.904045   0.233926  -0.357745   0.175395
 -0.276698   0.958205 -0.0726743  -0.301983
  0.325793   0.164688   0.930987   0.240088
         0          0          0          1
  0.904351   0.226692  -0.361606   0.176459
 -0.274407   0.957775 -0.0858395   -0.30361
  0.326878   0.176856   0.928371   0.238922
         0          0          0          1
 0.910836  0.209179  -0.35584    0.1683
-0.262412  0.958892  -0.10801 -0.294584
 0.318618  0.191756  0.928284  0.235964
        0         0         0         1
  0.907217   0.222793   -0.35682   0.169243
 -0.272426   0.957495 -0.0947986  -0.318592
  0.320533    0.18321   0.929351   0.230598
         0          0          0          1
  0.90429  0.216784 -0.367782  0.177331
 -0.27185  0.956645 -0.104534 -0.316355
 0.329175   0.19451  0.924018  0.234319
        0         0         0         1
  0.90682  0.212643 -0.363952  0.168917
-0.269407   0.95644  -0.11244 -0.315838
 0.324189  0.200014  0.924606  0.231161
        0         0         0         1
 0.902487  0.214436 -0.373543  0.174662
-0.274745  0.954513 -0.115842 -0.321017
 0.331711  0.207175  0.920351  0.230144
        0         0         0         1
  0.89713   0.20209 -0.392833  0.197378
-0.277354  0.949795 -0.144792 -0.287454
  0.34385  0.238851   0.90814  0.240391
        0         0         0         1
 0.895884  0.200705  -0.39637  0.197125
-0.280316  0.947506   -0.1538  -0.28911
 0.344694  0.248896  0.905117  0.238606
        0         0         0         1
 0.893468  0.198589 -0.402836  0.199763
-0.283724  0.944867 -0.163486 -0.291703
  0.34816  0.260364  0.900553  0.238782
        0         0         0         1
 0.893758  0.193863 -0.404493  0.198409
 -0.28477   0.94197 -0.177761 -0.289784
 0.346559  0.274063  0.897099  0.237027
        0         0         0         1
 0.892039  0.193654 -0.408368   0.19986
-0.287452  0.940347 -0.181984  -0.29709
 0.348766  0.279723  0.894493  0.234159
        0         0         0         1
 0.891563  0.190192 -0.411026  0.200296
-0.288006  0.938499 -0.190452 -0.298677
 0.349525  0.288178  0.891507  0.232944
        0         0         0         1
 0.889501  0.189232 -0.415908  0.202858
-0.288541  0.938397 -0.190145  -0.30516
 0.354305  0.289141  0.889306  0.230412
        0         0         0         1
 0.886296  0.189943 -0.422376  0.207274
  -0.2932  0.936105 -0.194271 -0.308024
 0.358488  0.296022  0.885357  0.232016
        0         0         0         1
 0.886963  0.188034 -0.421828  0.206132
-0.292986  0.935135 -0.199206 -0.307477
 0.357009  0.300278  0.884521  0.230055
        0         0         0         1
 0.878979   0.19381 -0.435699   0.21858
-0.301853  0.933463  -0.19373 -0.314064
 0.369162  0.301802  0.878997  0.235995
        0         0         0         1
 0.880394  0.194228 -0.432645  0.215069
-0.303002  0.932173   -0.1981 -0.312049
 0.364823  0.305498  0.879531  0.234074
        0         0         0         1
 0.886946  0.170681 -0.429179  0.213994
-0.287164  0.931566 -0.222982 -0.282699
  0.36175  0.321018  0.875262  0.235933
        0         0         0         1
   0.8836   0.17368 -0.434841   0.21859
 -0.29251  0.929904  -0.22297 -0.289708
 0.365636  0.324212  0.872466  0.237609
        0         0         0         1
 0.882792  0.174065 -0.436326  0.218429
-0.297184  0.926268 -0.231755 -0.289187
 0.363814   0.33426  0.869431  0.238729
        0         0         0         1
 0.878618  0.174202 -0.444617  0.223275
-0.301481   0.92442 -0.233574 -0.293941
 0.370324  0.339266   0.86473  0.240299
        0         0         0         1
 0.874513  0.172467 -0.453301  0.226945
-0.303173   0.92392 -0.233363 -0.298444
 0.378566  0.341508  0.860267  0.241427
        0         0         0         1
 0.867528   0.16959 -0.467583  0.234201
-0.307647  0.921635  -0.23652 -0.299182
 0.390829  0.349039  0.851719  0.248309
        0         0         0         1
 0.866244  0.163599 -0.472077   0.23405
-0.303248  0.923084 -0.236552 -0.302641
 0.397067  0.348068  0.849227  0.247512
        0         0         0         1
 0.864762  0.161534 -0.475493  0.234361
-0.302688  0.923188 -0.236863 -0.306582
 0.400708  0.348756  0.847232  0.249332
        0         0         0         1
 0.864977  0.153882 -0.477636  0.235051
-0.299192  0.922287 -0.244687 -0.308741
 0.402864  0.354553  0.843797   0.25247
        0         0         0         1
 0.861371  0.151182 -0.484957  0.240742
-0.301597  0.920412 -0.248758 -0.314289
 0.408753  0.360535  0.838413   0.25698
        0         0         0         1
 0.857654  0.148655 -0.492271  0.247083
-0.302766  0.919762 -0.249742 -0.320422
 0.415646  0.363235  0.833845  0.262475
        0         0         0         1
 0.858592  0.167046 -0.484681  0.232732
-0.311361  0.920996  -0.23414 -0.341771
 0.407277  0.351942  0.842771  0.257589
        0         0         0         1
 0.858476  0.165913 -0.485276  0.233103
-0.310428  0.921301 -0.234175 -0.348693
 0.408233  0.351677  0.842419  0.257633
        0         0         0         1
 0.856221  0.162426 -0.490411  0.236343
 -0.31188  0.919299 -0.240044 -0.353282
 0.411845   0.35848   0.83778  0.263993
        0         0         0         1
  0.85735   0.15423 -0.491085  0.235797
-0.309198  0.917058 -0.251794 -0.355646
  0.41152  0.367718  0.833927  0.268209
        0         0         0         1
  0.85663  0.152523 -0.492871  0.238873
-0.312759  0.913279 -0.260967 -0.359773
 0.410325  0.377702  0.830045  0.274083
        0         0         0         1
 0.856388  0.154293  -0.49274   0.23967
-0.314219  0.912988  -0.26023 -0.371599
 0.409714  0.377686  0.830354  0.278008
        0         0         0         1
 0.852972  0.152389 -0.499215  0.245944
-0.318739  0.909464 -0.266986 -0.378332
 0.413332  0.386851   0.82432  0.286491
        0         0         0         1
 0.850528  0.153872 -0.502917  0.247726
 -0.32176  0.908645 -0.266148 -0.385368
  0.41602  0.388185  0.822338  0.292493
        0         0         0         1
 0.848811  0.158516 -0.504373  0.250306
-0.326706  0.907314  -0.26466 -0.388135
 0.415671  0.389428  0.821927  0.297914
        0         0         0         1
 0.847571  0.161106 -0.505636  0.253901
-0.329616  0.906548 -0.263673 -0.395071
 0.415905  0.390147  0.821467  0.304303
        0         0         0         1
 0.851408  0.164809 -0.497938  0.251235
-0.332536  0.903776 -0.269459 -0.402459
 0.405616  0.395002  0.824287  0.304528
        0         0         0         1
 0.857884  0.154266  -0.49014  0.241828
-0.305475  0.920123 -0.245068 -0.427973
 0.413184  0.359966  0.836483  0.297783
        0         0         0         1
 0.856534  0.156844 -0.491679  0.245889
-0.314528  0.913972 -0.256373 -0.429298
 0.409171   0.37424   0.83218  0.304692
        0         0         0         1
 0.855413  0.164743 -0.491048  0.248333
-0.318696  0.914762 -0.248279 -0.437876
  0.40829  0.368876  0.835003   0.30556
        0         0         0         1
  0.85114  0.169743 -0.496737  0.253435
-0.323132  0.915167 -0.240948 -0.446924
 0.413697  0.365592  0.833785  0.312046
        0         0         0         1
 0.849524  0.171961 -0.498737  0.255833
-0.329537  0.911224 -0.247135 -0.451006
 0.411963  0.374299  0.830775  0.316501
        0         0         0         1
 0.846592  0.179116 -0.501198  0.258089
-0.337279  0.909005 -0.244855 -0.461027
 0.411734  0.376335  0.829968  0.317468
        0         0         0         1
 0.840347  0.181622 -0.510716  0.263129
-0.345288  0.905663 -0.246073 -0.464403
 0.417844   0.38313  0.823782  0.321929
        0         0         0         1
  0.83668  0.187318 -0.514664   0.26307
-0.353843  0.902129 -0.246896 -0.472476
 0.418045  0.388683  0.821075   0.32068
        0         0         0         1
 0.828353  0.184145 -0.529077  0.269758
-0.361878  0.896832 -0.254435 -0.476619
  0.42764  0.402223  0.809531   0.32692
        0         0         0         1
 0.825787  0.182955 -0.533482  0.271932
-0.364984  0.894493 -0.258204 -0.480293
 0.429956  0.407934  0.805437  0.327033
        0         0         0         1
 0.824732  0.184275 -0.534659  0.271448
-0.367211  0.893499 -0.258486  -0.48872
 0.430085  0.409514  0.804565  0.325351
        0         0         0         1
  0.81066  0.199348 -0.550537  0.286914
-0.382716  0.891999 -0.240555 -0.492932
 0.443124  0.405708  0.799401   0.32536
        0         0         0         1
  0.80508  0.197407 -0.559354  0.291409
-0.386184  0.890202 -0.241667 -0.499912
 0.450231  0.410574  0.792919  0.328986
        0         0         0         1
 0.803157  0.197182  -0.56219  0.292341
-0.385814  0.891186 -0.238608  -0.50851
 0.453967  0.408541  0.791838  0.327045
        0         0         0         1
 0.801297  0.188717 -0.567723  0.294919
-0.385207  0.888816 -0.248237 -0.506996
 0.457754  0.417602  0.784901  0.329255
        0         0         0         1
  0.79897  0.186597  -0.57169  0.296549
 -0.38453  0.889426 -0.247098 -0.514958
 0.462368  0.417255  0.782377  0.326792
        0         0         0         1
  0.79114  0.177436 -0.585332  0.303097
-0.386934  0.886349 -0.254298 -0.516458
 0.473687   0.42767  0.769882  0.330835
        0         0         0         1
 0.784999  0.174897 -0.594296  0.306427
-0.386276  0.888183 -0.248842 -0.524543
 0.484322  0.424903  0.764781  0.330856
        0         0         0         1
 0.780658  0.170064 -0.601375   0.30921
-0.388755  0.885575 -0.254217 -0.525059
 0.489329  0.432244  0.757444  0.333447
        0         0         0         1
 0.778961  0.169998 -0.603589  0.310316
-0.389071  0.885897 -0.252606 -0.533259
 0.491776  0.431609  0.756221  0.329796
        0         0         0         1
 0.771943  0.167583 -0.613205  0.318044
-0.395528  0.881784 -0.256933 -0.536997
 0.497657  0.440877   0.74697  0.333802
        0         0         0         1
 0.768918  0.172697 -0.615582  0.320241
-0.398609  0.882281 -0.250381 -0.545037
 0.499876  0.437899   0.74724  0.332524
        0         0         0         1
 0.781165  0.168583 -0.601132   0.31012
-0.392627  0.881271 -0.263069 -0.540279
 0.485412  0.441521  0.754609  0.327757
        0         0         0         1
 0.778919  0.176754   -0.6017  0.311472
-0.399065  0.879835 -0.258143 -0.547187
 0.483769   0.44119  0.755856  0.324799
        0         0         0         1
 0.774321  0.179613 -0.606767  0.315903
-0.406708  0.875853 -0.259751 -0.547842
 0.484784  0.447908  0.751241   0.32562
        0         0         0         1
 0.764611  0.179777  -0.61891  0.323579
-0.412373   0.87447 -0.255443 -0.549647
 0.495296  0.450537  0.742764  0.329186
        0         0         0         1
 0.753659  0.181234 -0.631786  0.329577
-0.419578  0.872551 -0.250216 -0.551744
 0.505918  0.453661  0.733648  0.330255
        0         0         0         1
 0.742797  0.180272  -0.64479  0.334196
-0.425614  0.870567 -0.246911 -0.552572
 0.516822  0.457837  0.723381  0.331058
        0         0         0         1
 0.733982  0.181994 -0.654331  0.336846
-0.430143   0.87014 -0.240485 -0.554057
 0.525593  0.457967  0.716951  0.329529
        0         0         0         1
 0.721867  0.189352 -0.665623  0.344089
 -0.44205  0.866203 -0.232991 -0.553517
 0.532447  0.462427  0.708986  0.331238
        0         0         0         1
 0.713657  0.197645 -0.672034   0.34812
-0.447665  0.866581  -0.22053 -0.557206
 0.538786  0.458229   0.70692  0.330117
        0         0         0         1
 0.701634  0.205814 -0.682166  0.353743
-0.455198  0.866016 -0.206905 -0.560258
 0.548183  0.455693  0.701313  0.332299
        0         0         0         1
 0.692276  0.216778 -0.688304  0.358458
-0.461769  0.866042 -0.191677 -0.562446
 0.554549  0.450531  0.699641  0.331858
        0         0         0         1
 0.679824  0.210829 -0.702417  0.367429
-0.468269  0.861912 -0.194506 -0.558684
 0.564414   0.46115  0.684673  0.342452
        0         0         0         1
 0.670294  0.224076 -0.707457  0.371973
 -0.47331  0.863339 -0.174997 -0.562802
 0.571563  0.452146  0.684748  0.342023
        0         0         0         1
 0.660004  0.234161 -0.713837  0.375812
-0.481784  0.860993 -0.163019 -0.561173
 0.576436  0.451509  0.681074  0.343339
        0         0         0         1
 0.647621  0.243121 -0.722135  0.382442
-0.490836   0.85801 -0.151323 -0.562435
 0.582809   0.45245  0.674998  0.345746
        0         0         0         1
 0.635536  0.245314 -0.732062  0.391086
-0.500928  0.852533 -0.149195 -0.556994
 0.587507  0.461529    0.6647  0.349939
        0         0         0         1
 0.627883  0.254144 -0.735645  0.393648
-0.506088    0.8514 -0.137819 -0.558596
 0.591302  0.458835  0.663199  0.348118
        0         0         0         1
 0.612493  0.258069 -0.747163  0.401741
-0.516985  0.845808 -0.131662 -0.552135
 0.597979  0.466914  0.651469  0.353704
        0         0         0         1
 0.607337  0.268603 -0.747659  0.401015
-0.517326  0.847944 -0.115603 -0.556584
 0.602922  0.456993  0.653943  0.347964
        0         0         0         1
 0.600616  0.274996 -0.750758  0.403839
-0.520292  0.847404 -0.105844 -0.556626
 0.607089  0.454185  0.652043  0.344391
        0         0         0         1
 0.592247  0.276265 -0.756915  0.407693
-0.524654  0.845179 -0.102035 -0.551714
  0.61154  0.457548  0.645498  0.349037
        0         0         0         1
  0.586389   0.283418   -0.75883    0.41069
 -0.524918   0.846435 -0.0894943  -0.552983
  0.616935   0.450802   0.645111    0.34622
         0          0          0          1
  0.57868  0.275519 -0.767606  0.414867
-0.536112  0.837784 -0.103454 -0.539891
 0.614584   0.47139  0.632517  0.355915
        0         0         0         1
  0.570056   0.277325  -0.773386   0.418413
 -0.539183   0.836531 -0.0974592  -0.536419
  0.619934   0.472554   0.626399   0.360672
         0          0          0          1
  0.564038   0.279753  -0.776917   0.423494
 -0.542428   0.834921 -0.0931609  -0.531647
  0.622602   0.473968   0.622672   0.362433
         0          0          0          1
  0.560316   0.281388  -0.779017   0.425354
 -0.541728   0.835968 -0.0876838   -0.53058
   0.62656   0.471146   0.620842   0.362932
         0          0          0          1
  0.554717   0.284656  -0.781831   0.427995
 -0.539283   0.838568 -0.0773134  -0.531965
   0.63361   0.464516   0.618678   0.363003
         0          0          0          1
   0.54945   0.287257  -0.784594   0.430308
 -0.538224    0.83994 -0.0693972  -0.530919
  0.639077   0.460418   0.616113   0.363878
         0          0          0          1
  0.543646     0.2887    -0.7881   0.433517
 -0.538882   0.839944 -0.0640391  -0.528988
  0.643471   0.459507   0.612207   0.365083
         0          0          0          1
  0.540252    0.28582  -0.791477   0.435084
 -0.538841   0.839935 -0.0644863  -0.524812
  0.646358   0.461319   0.607788   0.366869
         0          0          0          1
  0.542858   0.294199  -0.786608   0.431968
 -0.533635   0.844079 -0.0525812  -0.530058
   0.64849   0.448306   0.615209   0.358837
         0          0          0          1
 0.537161  0.294419 -0.790427   0.43595
-0.535234  0.843244 -0.049644 -0.528318
 0.651907   0.44973  0.610541  0.362064
        0         0         0         1
  0.539433   0.294343  -0.788907   0.435231
 -0.533531   0.844313 -0.0497989  -0.522705
  0.651427   0.447769   0.612492   0.359026
         0          0          0          1
 0.533524   0.29716 -0.791864  0.435916
-0.528968  0.847779 -0.038253 -0.535622
 0.659958   0.43928  0.609498  0.364628
        0         0         0         1
  0.526779   0.302801  -0.794239   0.439005
 -0.526982   0.849489 -0.0256561  -0.539992
  0.666929   0.432065   0.607063   0.365158
         0          0          0          1
  0.523254   0.299991  -0.797628   0.439935
 -0.527931   0.848856 -0.0270713  -0.536116
   0.66895   0.435258   0.602542   0.368477
         0          0          0          1
  0.523484   0.299087  -0.797817   0.439558
 -0.529423   0.847844 -0.0295377  -0.536244
   0.66759   0.437845   0.602176   0.365894
         0          0          0          1
  0.525345   0.297073  -0.797346   0.440823
 -0.531312   0.846466 -0.0346901  -0.534871
   0.66462   0.441864   0.602525   0.363474
         0          0          0          1
  0.524935   0.289992  -0.800218   0.443315
 -0.531945   0.845713 -0.0424714  -0.535484
  0.664438   0.447966   0.598204   0.364924
         0          0          0          1
  0.526529   0.287421  -0.800097    0.44425
 -0.532924   0.844845 -0.0472118  -0.538192
  0.662388    0.45125   0.598009   0.363323
         0          0          0          1
   0.52562    0.28618  -0.801139   0.445219
 -0.533289   0.844559 -0.0481961  -0.543309
  0.662817   0.452571   0.596534   0.362381
         0          0          0          1
  0.527447   0.277617   -0.80295   0.448323
 -0.531788   0.844945 -0.0571875  -0.544084
  0.662572   0.457162   0.593297   0.360278
         0          0          0          1
  0.530615   0.272232  -0.802706   0.446877
 -0.532313   0.843999 -0.0656398  -0.546262
  0.659614    0.46212   0.592751   0.357895
         0          0          0          1
  0.531029   0.270719  -0.802944   0.447589
 -0.534029    0.84264 -0.0690786  -0.551332
  0.657892   0.465478   0.592038   0.355175
         0          0          0          1
  0.523887   0.259753  -0.811215   0.457262
 -0.544662    0.83438 -0.0845757  -0.536418
  0.654893   0.486147   0.578599   0.363148
         0          0          0          1
  0.525772   0.255214  -0.811437   0.458597
 -0.543839   0.834354 -0.0899598  -0.538783
  0.654066    0.48859   0.577475     0.3605
         0          0          0          1
 0.524355  0.246252 -0.815115  0.462541
-0.547865  0.830377 -0.101573 -0.536929
  0.65184  0.499833  0.570326  0.363307
        0         0         0         1
 0.525752  0.239843 -0.816125  0.463652
-0.545895  0.830932 -0.107474 -0.541453
 0.652368  0.502023  0.567793   0.36128
