1 0 0 0
0 1 0 0
0 0 1 0
0 0 0 1
    0.999999  -0.00159002  0.000527566   -0.0012987
  0.00158981     0.999999  0.000411389  -0.00202932
-0.000528219  -0.00041055            1  -0.00213503
           0            0            0            1
    0.999996 -4.44565e-05   0.00274488  -0.00323881
 4.88747e-05     0.999999  -0.00160957 -0.000811573
  -0.0027448    0.0016097     0.999995 -0.000878595
           0            0            0            1
    0.999994  -0.00198137   0.00267394 -0.000263218
  0.00198416     0.999997  -0.00104007 -0.000152953
 -0.00267187   0.00104537     0.999996  -0.00198271
           0            0            0            1
    0.999991  -0.00243683   0.00358933  -0.00243518
  0.00243585     0.999997  0.000278535  -0.00136589
    -0.00359 -0.000269789     0.999994  -0.00339974
           0            0            0            1
    0.999992 -0.000964075   0.00396206  -0.00228726
 0.000964948            1 -0.000218319  -0.00127158
 -0.00396185   0.00022214     0.999992  -0.00531653
           0            0            0            1
    0.999993 -0.000764135   0.00355554  -0.00336273
 0.000771821     0.999997  -0.00216085 -0.000105034
 -0.00355387   0.00216358     0.999991  -0.00337765
           0            0            0            1
    0.999996 -0.000401721   0.00281492  -0.00117605
 0.000407658     0.999998  -0.00210915  -0.00327049
 -0.00281406   0.00211029     0.999994  -0.00372224
           0            0            0            1
    0.999989  0.000989295    0.0045722 -0.000470089
-0.000975133     0.999995  -0.00309847  -0.00351173
 -0.00457524   0.00309398     0.999985  -0.00552527
           0            0            0            1
   0.999987 -0.00101694  0.00502051 -0.00238112
 0.00103142    0.999995 -0.00288115 -0.00349165
-0.00501756  0.00288629    0.999983 -0.00565735
          0           0           0           1
    0.999992 -0.000652843    0.0039796  -0.00175089
 0.000662149     0.999997  -0.00233761  -0.00259086
 -0.00397806   0.00234023     0.999989  -0.00474276
           0            0            0            1
    0.999996  -0.00229408   0.00163849   0.00328133
  0.00229435     0.999997 -0.000164753  -0.00704089
 -0.00163811  0.000168511     0.999999  -0.00499031
           0            0            0            1
     0.99999 -0.000913612   0.00439598  -0.00145598
 0.000910255     0.999999  0.000765696  -0.00642256
 -0.00439668 -0.000761687      0.99999  -0.00394875
           0            0            0            1
    0.999992  -0.00166607   0.00351491  -0.00080601
  0.00166395     0.999998  0.000605969  -0.00603931
 -0.00351592 -0.000600116     0.999994  -0.00191868
           0            0            0            1
    0.999997 -0.000325077   0.00247919   -0.0014382
 0.000321178     0.999999   0.00157298  -0.00670226
  -0.0024797  -0.00157218     0.999996  -0.00290668
           0            0            0            1
           1 -0.000434174  4.57987e-05 -0.000352914
 0.000434084     0.999998   0.00194217  -0.00477979
-4.66419e-05  -0.00194215     0.999998  -0.00408002
           0            0            0            1
    0.999997 -0.000955224   -0.0021134   0.00186306
 0.000959093     0.999998    0.0018306   -0.0045886
  0.00211165  -0.00183262     0.999996  -0.00373657
           0            0            0            1
    0.999991   0.00399594  -0.00154229 -0.000185667
  -0.0039927      0.99999   0.00209886  -0.00695575
  0.00155066  -0.00209269     0.999997  -0.00359688
           0            0            0            1
    0.999993   0.00313391  -0.00179866 -6.00097e-05
 -0.00313083     0.999994   0.00170993   -0.0068698
  0.00180401  -0.00170429     0.999997  -0.00274252
           0            0            0            1
   0.999985  0.00284088 -0.00468126 -0.00218922
-0.00283473    0.999995  0.00131874 -0.00713158
 0.00468498 -0.00130545    0.999988  -0.0021049
          0           0           0           1
    0.999972   0.00407212  -0.00634141  -0.00100183
 -0.00406926     0.999992  0.000463995  -0.00531494
  0.00634325 -0.000438177      0.99998  -0.00210517
           0            0            0            1
   0.999973  0.00368642  -0.0062798 -0.00264223
-0.00367628    0.999992  0.00162629 -0.00434936
 0.00628575 -0.00160316    0.999979 0.000959487
          0           0           0           1
   0.999905 -0.00376476  -0.0132521   0.0138331
 0.00373991    0.999991 -0.00189912   0.0072709
  0.0132591  0.00184938     0.99991 0.000898642
          0           0           0           1
   0.999917 -0.00292098  -0.0125414  0.00897501
 0.00286491    0.999986 -0.00448697   0.0118734
  0.0125544  0.00445067    0.999911  0.00580125
          0           0           0           1
   0.999889  -0.0028037  -0.0146137    0.011218
 0.00276128    0.999992 -0.00292213  0.00874905
  0.0146218  0.00288146    0.999889  0.00532858
          0           0           0           1
   0.999873 -0.00163646  -0.0158407   0.0144024
 0.00159559    0.999995  -0.0025922  0.00726072
  0.0158448  0.00256659    0.999871  0.00596267
          0           0           0           1
   0.999907 -0.00077597  -0.0135879   0.0077527
0.000715203     0.99999 -0.00447642  0.00766641
  0.0135912  0.00446629    0.999898   0.0080478
          0           0           0           1
   0.999788 -0.00376453  -0.0202513   0.0118284
 0.00363764    0.999974 -0.00629878  0.00817935
  0.0202745  0.00622378    0.999775  0.00886409
          0           0           0           1
    0.999815 -0.000141381   -0.0192418   0.00786183
-1.15995e-05     0.999968  -0.00795004   0.00665496
   0.0192424   0.00794879     0.999783    0.0097264
           0            0            0            1
  0.999769 -0.0063049 -0.0205437 0.00829854
0.00604078   0.999899 -0.0128931 0.00535115
 0.0206229   0.012766   0.999706 0.00891253
         0          0          0          1
    0.99971 -0.00840773  -0.0225724   0.0104544
 0.00796203    0.999773  -0.0197632  0.00546829
  0.0227334   0.0195777     0.99955  0.00988233
          0           0           0           1
  0.999724 -0.0105031  -0.021009 0.00758497
0.00997481   0.999635 -0.0250968 0.00477834
 0.0212649  0.0248803   0.999464 0.00923236
         0          0          0          1
   0.999722  -0.0127286  -0.0198502  0.00716024
  0.0121555    0.999513  -0.0287327 -0.00266724
  0.0202063   0.0284834     0.99939  0.00988514
          0           0           0           1
   0.999922 -0.00271741  -0.0121581 -0.00843998
 0.00248057    0.999808  -0.0194527   -0.031944
  0.0122087   0.0194211    0.999737 -0.00347479
          0           0           0           1
   0.999941 -0.00571713  -0.0092654  -0.0139363
 0.00543885    0.999542  -0.0297855  -0.0341872
 0.00943144   0.0297333    0.999513 -0.00300464
          0           0           0           1
   0.999938 -0.00778883 -0.00799763  -0.0104972
 0.00749696    0.999327  -0.0358982  -0.0422965
 0.00827186   0.0358361    0.999323 -0.00189693
          0           0           0           1
     0.99992   -0.0110662  -0.00608034   -0.0107379
   0.0107862      0.99896   -0.0442929   -0.0465328
  0.00656417    0.0442237        0.999 -0.000941508
           0            0            0            1
   0.999873  -0.0146852 -0.00614119 -0.00999836
  0.0143252    0.998381  -0.0550524  -0.0502912
  0.0069397   0.0549575    0.998465 -0.00282687
          0           0           0           1
    0.999838   -0.0177055   -0.0031494   -0.0126721
   0.0174443     0.997435   -0.0694153   -0.0524061
  0.00437035    0.0693491     0.997583 -0.000656762
           0            0            0            1
   0.999806  -0.0195668 -0.00226315  -0.0113247
  0.0193211    0.996566  -0.0805207  -0.0622382
 0.00383091   0.0804614     0.99675 -0.00335043
          0           0           0           1
    0.999774   -0.0211243  -0.00219794   -0.0134872
    0.020833     0.995549   -0.0919102   -0.0666412
   0.0041297    0.0918437     0.995765 -0.000704051
           0            0            0            1
   0.999665  -0.0258449 -0.00148303  -0.0135849
  0.0255435    0.994071   -0.105692  -0.0697824
 0.00420584    0.105619    0.994398 -0.00148667
          0           0           0           1
  0.999578 -0.0290293  0.0004671 -0.0154578
 0.0288776   0.992433   -0.11934 -0.0792818
0.00300079   0.119303   0.992853 0.00078824
         0          0          0          1
    0.999315   -0.0370129 -0.000185905   -0.0152558
   0.0366833     0.991059    -0.128285   -0.0878347
  0.00493245      0.12819     0.991737   0.00164353
           0            0            0            1
   0.999076   -0.042719  0.00471653  -0.0320576
  0.0429726    0.991082   -0.126137  -0.0881876
0.000713964    0.126223    0.992002  -0.0048054
          0           0           0           1
   0.999004  -0.0443728  0.00469055  -0.0342279
  0.0445925    0.989167    -0.13986  -0.0884595
 0.00156626     0.13993     0.99016 -0.00659105
          0           0           0           1
  0.998681 -0.0510252 0.00573341 -0.0363745
 0.0513074   0.987339  -0.150094 -0.0969708
0.00199777    0.15019   0.988655 -0.0081181
         0          0          0          1
   0.998492  -0.0547721  0.00364878  -0.0395902
  0.0546332    0.985095   -0.163107   -0.105569
 0.00533931     0.16306    0.986602 -0.00670075
          0           0           0           1
   0.99813  -0.061111 0.00135608 -0.0416571
 0.0603839   0.982324  -0.177181  -0.107159
0.00949561   0.176932   0.984177   -0.00943
         0          0          0          1
   0.998068  -0.0620891 -0.00235578  -0.0418296
  0.0605327    0.980202    -0.18852   -0.113378
  0.0140142    0.188013    0.982067  -0.0121479
          0           0           0           1
   0.997525  -0.0700981 -0.00555014  -0.0422529
  0.0675808    0.977517   -0.199733   -0.116366
  0.0194263    0.198864    0.979835   -0.011411
          0           0           0           1
   0.997703   -0.067164 -0.00882628  -0.0448349
  0.0637866    0.975314    -0.21141   -0.121178
  0.0228075    0.210361    0.977358  -0.0115949
          0           0           0           1
  0.997287 -0.0723544 -0.0135644 -0.0444037
 0.0676489   0.973436  -0.218736  -0.128087
 0.0290306   0.217224    0.97569 -0.0130234
         0          0          0          1
  0.997025 -0.0754635 -0.0156759  -0.046234
 0.0699398   0.971285  -0.227405  -0.132794
 0.0323866   0.225632   0.973674 -0.0150641
         0          0          0          1
  0.996879 -0.0772456  -0.016271 -0.0485549
 0.0711311   0.968358  -0.239213  -0.138969
 0.0342343   0.237309   0.970831 -0.0188202
         0          0          0          1
  0.996796 -0.0778535 -0.0183665 -0.0411361
 0.0710589   0.967269  -0.243603  -0.125623
 0.0367306   0.241517   0.969701 -0.0108332
         0          0          0          1
   0.99652 -0.0814692 -0.0176479  -0.040154
  0.074306   0.964113   -0.25488  -0.132687
 0.0377795   0.252682   0.966812 -0.0137891
         0          0          0          1
  0.996517 -0.0818182 -0.0160843  -0.043446
 0.0746004   0.960975  -0.266387  -0.136511
  0.037252    0.26426   0.963732 -0.0134036
         0          0          0          1
  0.996282 -0.0847639 -0.0154166 -0.0451936
 0.0771571   0.957452  -0.278086  -0.140254
 0.0383324   0.275863   0.960432 -0.0139694
         0          0          0          1
  0.995942 -0.0888942 -0.0140791 -0.0499831
 0.0810325   0.953723   -0.28956  -0.146461
 0.0391678   0.287244   0.957056 -0.0147425
         0          0          0          1
  0.995962 -0.0884083 -0.0156403 -0.0473578
 0.0795805   0.949953  -0.302086  -0.152202
 0.0415644   0.299621   0.953152 -0.0190509
         0          0          0          1
  0.995586  -0.092677 -0.0148185 -0.0485617
 0.0834036   0.946036  -0.313144  -0.154274
 0.0430401   0.310526    0.94959 -0.0192094
         0          0          0          1
  0.995426 -0.0942059 -0.0159099 -0.0470718
 0.0841491   0.943359  -0.320923  -0.160035
 0.0452416   0.318117   0.946971 -0.0220023
         0          0          0          1
  0.995214 -0.0962573 -0.0168514 -0.0511378
  0.085385   0.940421  -0.329116   -0.16602
 0.0475272   0.326102   0.944139 -0.0226175
         0          0          0          1
  0.995193 -0.0961308 -0.0187086 -0.0502072
 0.0841855   0.937332  -0.338114  -0.169946
 0.0500394   0.334914   0.940919 -0.0259032
         0          0          0          1
  0.995213 -0.0957968 -0.0193516 -0.0501495
 0.0832359   0.934586  -0.345861  -0.174711
 0.0512181   0.342595   0.938086 -0.0285271
         0          0          0          1
  0.994341   -0.10465 -0.0183079 -0.0506545
    0.0916   0.931791  -0.351249  -0.162725
 0.0538175   0.347584   0.936103 -0.0271799
         0          0          0          1
  0.994217  -0.105865 -0.0180393 -0.0512641
  0.092332   0.928439  -0.359828  -0.164857
 0.0548415   0.356081   0.932844 -0.0285126
         0          0          0          1
  0.994063  -0.107121 -0.0190873 -0.0537988
 0.0926971   0.925599  -0.366979  -0.173316
 0.0569785   0.363031   0.930033 -0.0315104
         0          0          0          1
  0.993718  -0.109961 -0.0208108 -0.0497227
 0.0941778   0.922113  -0.375284  -0.174014
 0.0604563   0.370966   0.926676 -0.0302967
         0          0          0          1
  0.993899  -0.108836 -0.0178659 -0.0543186
 0.0938367   0.919564  -0.381572  -0.176359
 0.0579575   0.377568   0.924166 -0.0329652
         0          0          0          1
  0.993935  -0.108784 -0.0161139  -0.051245
 0.0940697   0.916935  -0.387791  -0.181964
 0.0569609   0.383923   0.921606 -0.0355834
         0          0          0          1
   0.993946    -0.10961 -0.00749299   -0.055894
  0.0976133    0.912341   -0.397624   -0.186554
  0.0504197    0.394485    0.917518  -0.0372219
          0           0           0           1
   0.993809   -0.110885 -0.00690132  -0.0523603
  0.0986241    0.909111   -0.404709   -0.188903
  0.0511501    0.401523    0.914419  -0.0379082
          0           0           0           1
   0.993737   -0.111657 -0.00450672  -0.0530514
   0.100028    0.906768   -0.409593   -0.193127
  0.0498205    0.406577    0.912257  -0.0413814
          0           0           0           1
   0.993659   -0.112438 0.000363638  -0.0554563
   0.102314    0.902835   -0.417638   -0.199306
  0.0466302    0.415027    0.908614  -0.0424629
          0           0           0           1
  0.993595  -0.112911 0.00445191  -0.052471
  0.104032   0.898655  -0.426141  -0.203695
 0.0441155   0.423875   0.904646 -0.0492136
         0          0          0          1
  0.988939  -0.148012 0.00960442 -0.0426211
   0.13727   0.888788   -0.43728  -0.182675
 0.0561864   0.433762   0.899274 -0.0481778
         0          0          0          1
  0.988653  -0.149576   0.013848 -0.0432561
  0.139981   0.883929  -0.446178   -0.18457
 0.0544969   0.443054   0.894837 -0.0510795
         0          0          0          1
  0.988689  -0.149028  0.0168716 -0.0391607
  0.140454    0.88056  -0.452645  -0.192353
 0.0526005   0.449894   0.891531 -0.0566201
         0          0          0          1
  0.988751  -0.147956  0.0219316 -0.0395618
  0.141281   0.875701  -0.461722  -0.193593
 0.0491089   0.459626   0.886754 -0.0620172
         0          0          0          1
  0.988805  -0.147116   0.024914 -0.0339081
  0.141618   0.872733  -0.467205  -0.201395
 0.0469902   0.465504   0.883798 -0.0673982
         0          0          0          1
  0.988937  -0.145025  0.0311562  -0.035091
  0.142453   0.869987  -0.472048  -0.204511
 0.0413533   0.471264   0.881022 -0.0693049
         0          0          0          1
  0.988939  -0.143763  0.0365044 -0.0302545
  0.143607   0.866454  -0.478158  -0.212155
  0.037112   0.478111   0.877515  -0.075689
         0          0          0          1
  0.989281  -0.139022  0.0446785 -0.0300788
  0.143106   0.862142  -0.486036  -0.214908
 0.0290505    0.48722   0.872796 -0.0793851
         0          0          0          1
  0.989568  -0.134453   0.051752 -0.0243716
  0.142453   0.859506  -0.490873  -0.221303
 0.0215184   0.493124   0.869693 -0.0833064
         0          0          0          1
  0.989165   -0.13258  0.0630502  -0.035206
  0.146293   0.854207  -0.498927  -0.221364
 0.0122899   0.502745   0.864347 -0.0844474
         0          0          0          1
  0.989391  -0.127093  0.0703828 -0.0328181
  0.145215   0.850629  -0.505314  -0.230361
0.00435202   0.510174    0.86006 -0.0901994
         0          0          0          1
  0.990843  -0.117993  0.0656292 -0.0310461
  0.134976   0.853711  -0.502951  -0.238329
0.00331629   0.507204    0.86182 -0.0903369
         0          0          0          1
   0.990746   -0.114792   0.0724176  -0.0304577
   0.135698    0.848698   -0.511173   -0.238466
-0.00278184     0.51627    0.856421  -0.0919816
          0           0           0           1
   0.990446   -0.112646   0.0795451  -0.0338683
    0.13761    0.844763   -0.517145   -0.245482
-0.00894264     0.52315    0.852194   -0.099146
          0           0           0           1
  0.990195  -0.109859  0.0862837 -0.0359184
  0.138921   0.839238  -0.525719  -0.249497
-0.0146576   0.532551   0.846271  -0.103455
         0          0          0          1
  0.990235  -0.106378  0.0901008 -0.0359444
  0.138205   0.833809  -0.534473  -0.250186
-0.0182709   0.541706   0.840369  -0.105413
         0          0          0          1
  0.990174  -0.106125  0.0910631 -0.0344089
  0.138648   0.829868  -0.540459  -0.254249
-0.0182141   0.547775   0.836428  -0.108442
         0          0          0          1
  0.990152   -0.10507  0.0925209 -0.0332877
  0.138695   0.826195  -0.546045   -0.25899
-0.0190672     0.5535   0.832631  -0.115472
         0          0          0          1
  0.990054  -0.105941  0.0925721 -0.0306194
  0.139589    0.82178  -0.552442  -0.266039
-0.0175477   0.559869   0.828395   -0.12116
         0          0          0          1
  0.989889   -0.10661  0.0935658 -0.0389421
  0.140875   0.815931  -0.560723   -0.26583
-0.0165647   0.568235     0.8227  -0.119114
         0          0          0          1
   0.990118   -0.110392   0.0864851  -0.0313265
   0.140008    0.813325   -0.564713    -0.26854
-0.00800036    0.571241    0.820743   -0.121403
          0           0           0           1
   0.989944     -0.1123   0.0860221   -0.043139
   0.141329     0.81134   -0.567233   -0.271216
-0.00609292    0.573686    0.819052   -0.126324
          0           0           0           1
  0.990654 -0.0961083  0.0967856 -0.0957922
  0.134247   0.812526  -0.567256  -0.275863
-0.0241229   0.574947   0.817835  -0.118908
         0          0          0          1
  0.991429 -0.0970293  0.0874851 -0.0954207
  0.129706   0.811215  -0.570182  -0.277233
-0.0156449   0.576642   0.816847  -0.121449
         0          0          0          1
    0.99219  -0.0959998   0.0796415  -0.0991843
   0.124348    0.811463   -0.571021   -0.280193
-0.00980832    0.576464    0.817063   -0.122027
          0           0           0           1
    0.992867   -0.0972327    0.0690064    -0.093204
     0.11923     0.812751    -0.570281    -0.285908
-0.000635092      0.57444     0.818546    -0.123969
           0            0            0            1
  0.993408 -0.0983321  0.0589215 -0.0953247
  0.114323    0.81201  -0.572337  -0.283961
0.00843422     0.5753   0.817899  -0.122742
         0          0          0          1
  0.993745 -0.0974945  0.0544618  -0.117809
  0.111019   0.809711  -0.576231   -0.27523
 0.0120811   0.578673    0.81547  -0.118369
         0          0          0          1
  0.994351 -0.0982781  0.0400942  -0.114827
   0.10338   0.811105  -0.575693  -0.278178
 0.0240574   0.576585   0.816683  -0.121474
         0          0          0          1
 0.994547  -0.10054 0.0277085 -0.113813
0.0981598  0.812725 -0.574319 -0.283979
0.0352224  0.573907  0.818162  -0.12303
        0         0         0         1
  0.994923 -0.0989473  0.0183649  -0.121381
 0.0914244    0.81239  -0.575902  -0.282911
 0.0420645   0.574658   0.817312  -0.121102
         0          0          0          1
  0.995102  -0.098689 0.00571709  -0.119571
 0.0839579   0.813204  -0.575891  -0.286397
  0.052185   0.573551   0.817506  -0.127198
         0          0          0          1
   0.994943   -0.100359 -0.00408029   -0.126311
  0.0794451     0.81116   -0.579403   -0.283261
  0.0614582    0.576149    0.815031   -0.120937
          0           0           0           1
   0.993722   -0.111667 -0.00691054   -0.111576
  0.0865673    0.806551   -0.584792   -0.265352
  0.0708755    0.580522    0.811154   -0.118266
          0           0           0           1
  0.993204  -0.114635 -0.0201315  -0.110665
 0.0813456   0.807402  -0.584366  -0.267436
 0.0832433   0.578757    0.81124  -0.117042
         0          0          0          1
 0.991887 -0.122862 -0.032635 -0.122558
0.0810457  0.808959 -0.582252 -0.272555
0.0979369  0.574883  0.812353 -0.122769
        0         0         0         1
  0.991287  -0.122454 -0.0485206  -0.125046
 0.0710666   0.807385   -0.58573  -0.266804
    0.1109   0.577178   0.809053  -0.116521
         0          0          0          1
  0.990088  -0.127035 -0.0598953  -0.144519
 0.0681035   0.807221  -0.586307  -0.260733
   0.12283   0.576417   0.807872   -0.11461
         0          0          0          1
 0.988947 -0.124648 -0.080287 -0.134595
0.0549922  0.811248 -0.582111 -0.265573
 0.137691  0.571262  0.809136 -0.116184
        0         0         0         1
   0.98681  -0.128388 -0.0986015  -0.135964
 0.0479796    0.81369  -0.579316  -0.268664
  0.154608   0.566944   0.809117  -0.119106
         0          0          0          1
 0.985553 -0.127279 -0.111737 -0.150603
0.0391236  0.812976 -0.580981 -0.263028
 0.164786  0.568216  0.806211 -0.113509
        0         0         0         1
 0.982462 -0.130993 -0.132702  -0.14396
0.0309489  0.816361 -0.576712 -0.266149
 0.183878  0.562491  0.806097 -0.114586
        0         0         0         1
 0.981149 -0.128095 -0.144704 -0.166892
0.0229643  0.820743 -0.570836 -0.273236
 0.191886  0.556752  0.808213 -0.122486
        0         0         0         1
  0.978664  -0.124635  -0.163349  -0.163276
0.00979525   0.822409  -0.568813  -0.271076
  0.205234   0.555076   0.806083  -0.120071
         0          0          0          1
   0.981205   -0.104243   -0.162392   -0.157538
-0.00721704    0.821125   -0.570703   -0.263882
   0.192836    0.561149    0.804939   -0.113195
          0           0           0           1
  0.978683  -0.102158  -0.178168  -0.158219
-0.0171929   0.823716  -0.566742  -0.271335
  0.204657   0.557724     0.8044  -0.116696
         0          0          0          1
  0.976565  -0.101157  -0.189971  -0.170855
-0.0257072   0.821521  -0.569599  -0.258228
  0.213684   0.561134   0.799667  -0.111955
         0          0          0          1
  0.973251 -0.0978254  -0.207876  -0.170668
-0.0375276   0.824971  -0.563928  -0.268306
  0.226658   0.556645   0.799233  -0.117287
         0          0          0          1
  0.970012 -0.0967845  -0.222955   -0.18314
-0.0468803   0.825574  -0.562343  -0.262751
  0.238492   0.555932    0.79628  -0.111885
         0          0          0          1
  0.966097 -0.0948185  -0.240137  -0.184228
-0.0565121   0.829901  -0.555041  -0.270585
  0.251918   0.549795   0.796406  -0.119236
         0          0          0          1
   0.96178 -0.0903574  -0.258487  -0.185533
-0.0714546   0.828462  -0.555469  -0.258078
  0.264337   0.552708   0.790341  -0.103974
         0          0          0          1
  0.956396 -0.0899409  -0.277879  -0.182363
 -0.080131   0.834099  -0.545764  -0.269201
  0.280865   0.544233   0.790522  -0.114962
         0          0          0          1
  0.953895  -0.086411  -0.287432  -0.205683
-0.0877431   0.835539   -0.54238  -0.264021
  0.287029   0.542594   0.789435  -0.118395
         0          0          0          1
  0.949232 -0.0833454  -0.303334  -0.204583
-0.0974419   0.838935  -0.535438  -0.271298
  0.299104   0.537812   0.788223  -0.121082
         0          0          0          1
  0.945234 -0.0840952  -0.315373  -0.216774
 -0.103286   0.839515  -0.533429  -0.264831
  0.309619   0.536789   0.784853  -0.116522
         0          0          0          1
  0.940975  -0.102671  -0.322529  -0.199338
-0.0934028   0.837122  -0.538983  -0.242902
  0.325334   0.537294   0.778121 -0.0938497
         0          0          0          1
  0.935159 -0.0988742  -0.340149  -0.196816
 -0.104599   0.840357  -0.531846   -0.25648
  0.338432    0.53294   0.775525 -0.0954138
         0          0          0          1
  0.930841  -0.093505   -0.35326  -0.204011
   -0.1162   0.840794  -0.528738  -0.245779
  0.346458   0.533219    0.77178 -0.0869256
         0          0          0          1
  0.926241 -0.0912647  -0.365716  -0.211099
 -0.122215   0.845113   -0.52043  -0.253649
  0.356568    0.52674   0.771624 -0.0929985
         0          0          0          1
  0.922238 -0.0876285  -0.376561  -0.221224
 -0.131048   0.845467  -0.517698  -0.250732
  0.363735   0.526789   0.768239 -0.0909104
         0          0          0          1
  0.918338 -0.0840035  -0.386781  -0.230871
 -0.139047   0.846458   -0.51398  -0.250526
   0.37057   0.525788   0.765654 -0.0915694
         0          0          0          1
  0.912361 -0.0782088  -0.401847  -0.220841
 -0.152076   0.846597  -0.510045  -0.246291
  0.380093   0.526457   0.760508 -0.0799081
         0          0          0          1
  0.909938 -0.0795428  -0.407046  -0.244196
 -0.151542   0.849812  -0.504832  -0.255314
  0.386068    0.52105   0.761221 -0.0893386
         0          0          0          1
  0.903218 -0.0756805  -0.422456  -0.235183
 -0.163329   0.849654  -0.501409  -0.261698
  0.396889   0.521881   0.755062 -0.0860834
         0          0          0          1
  0.898343 -0.0785547  -0.432214  -0.248925
 -0.165623    0.85071  -0.498859  -0.266218
  0.406876   0.519732   0.751219 -0.0895529
         0          0          0          1
  0.892786 -0.0757157  -0.444071  -0.252053
 -0.175925   0.848893  -0.498429  -0.258152
  0.414708   0.523114    0.74456 -0.0813962
         0          0          0          1
  0.897658  -0.054775  -0.437276  -0.277404
 -0.189093   0.848388   -0.49445  -0.270082
  0.398063   0.526533   0.751205 -0.0922555
         0          0          0          1
  0.889751 -0.0597573  -0.452517   -0.27525
 -0.194069   0.847795  -0.493539  -0.268275
  0.413134   0.526946    0.74273 -0.0885809
         0          0          0          1
  0.886183 -0.0627201   -0.45907  -0.296566
  -0.19778   0.844786  -0.497211  -0.255757
  0.419001   0.531415   0.736231 -0.0850675
         0          0          0          1
  0.882113 -0.0630663  -0.466797   -0.31262
 -0.202244   0.844294  -0.496251  -0.258535
  0.425411   0.532157   0.732008 -0.0856139
         0          0          0          1
  0.875049 -0.0656472  -0.479562  -0.322298
 -0.204825   0.847462   -0.48975  -0.264398
  0.438561   0.526782   0.728124 -0.0943485
         0          0          0          1
  0.868769 -0.0680211  -0.490523   -0.33716
 -0.206748    0.85025  -0.484077  -0.269534
  0.449995   0.521966   0.724608  -0.101464
         0          0          0          1
  0.860424 -0.0647997  -0.505442  -0.341159
 -0.217796   0.849957  -0.479727   -0.26451
   0.46069   0.522852    0.71721 -0.0987463
         0          0          0          1
  0.852921 -0.0647991  -0.518002  -0.347824
 -0.223754   0.851123  -0.474894  -0.265239
  0.471656   0.520952   0.711442 -0.0989162
         0          0          0          1
  0.846027 -0.0640789  -0.529276  -0.357019
 -0.231513   0.850109  -0.472986  -0.256204
  0.480251   0.522693    0.70438 -0.0934273
         0          0          0          1
 0.839689  -0.06293 -0.539409 -0.370346
-0.235398  0.852925 -0.465946 -0.262705
 0.489398  0.518226  0.701378 -0.097875
        0         0         0         1
  0.833701 -0.0622904  -0.548692  -0.382647
 -0.240252   0.853736  -0.461968   -0.25727
  0.497214   0.516967   0.696795 -0.0990617
         0          0          0          1
  0.830649 -0.0733932  -0.551937  -0.377362
 -0.221031   0.866359  -0.447848  -0.298361
  0.511045   0.493999   0.703418  -0.127464
         0          0          0          1
  0.826442 -0.0686014  -0.558826  -0.402211
 -0.227317   0.867398  -0.442659  -0.302315
  0.515092   0.492863   0.701261  -0.135966
         0          0          0          1
  0.818325 -0.0673038  -0.570802  -0.415873
 -0.233583   0.868463  -0.437276   -0.29486
  0.525151   0.491164   0.694964  -0.136677
         0          0          0          1
  0.806516 -0.0602266  -0.588136  -0.415273
 -0.247059    0.86944  -0.427827  -0.296879
  0.537116   0.490354   0.686338   -0.12845
         0          0          0          1
  0.794452 -0.0646741  -0.603873  -0.420412
 -0.248455   0.872692  -0.420331  -0.292853
   0.55418   0.483968   0.677244  -0.135385
         0          0          0          1
  0.786682 -0.0594382   -0.61449   -0.44395
 -0.252107   0.877649  -0.407646   -0.31113
  0.563536   0.475605   0.675446  -0.159553
         0          0          0          1
   0.77843 -0.0595795  -0.624898  -0.462065
 -0.261629   0.874108   -0.40925  -0.282904
  0.570611   0.482064   0.664844  -0.149207
         0          0          0          1
  0.765596 -0.0588685  -0.640622  -0.458154
 -0.272769   0.872158  -0.406126  -0.268483
  0.582632    0.48567   0.651663  -0.134559
         0          0          0          1
  0.762225 -0.0600698  -0.644519  -0.485957
 -0.271281   0.874383  -0.402318   -0.27234
  0.587723   0.481503   0.650181  -0.152731
         0          0          0          1
  0.752982 -0.0561578   -0.65564  -0.490891
 -0.278241   0.875731   -0.39456  -0.277345
  0.596322   0.479523   0.643784  -0.158048
         0          0          0          1
  0.747317 -0.0503896  -0.662555  -0.511934
 -0.280368   0.880099  -0.383171  -0.287056
  0.602421   0.472109   0.643585  -0.180163
         0          0          0          1
  0.742301 -0.0451556  -0.668544  -0.491052
 -0.307448   0.863551  -0.399694  -0.235082
   0.59537   0.502235   0.627132  -0.117769
         0          0          0          1
  0.731229 -0.0463488  -0.680555  -0.486854
 -0.308502   0.867354  -0.390543  -0.249424
  0.608384   0.495529   0.619936  -0.127748
         0          0          0          1
  0.725923 -0.0444185   -0.68634  -0.500669
  -0.31845   0.862793  -0.392654  -0.223201
  0.609611   0.503602   0.612176  -0.121577
         0          0          0          1
 0.723553 -0.043597 -0.688891 -0.531404
-0.315355  0.866886 -0.386084 -0.231793
 0.614022  0.496597  0.613489 -0.147412
        0         0         0         1
  0.716212 -0.0438103  -0.696506  -0.535593
 -0.322876   0.863991  -0.386356  -0.222969
  0.618701   0.501598   0.604655  -0.146062
         0          0          0          1
  0.707018 -0.0460847  -0.705692  -0.532593
 -0.329523   0.861458  -0.386399  -0.222455
  0.625731   0.505733   0.593881  -0.142799
         0          0          0          1
  0.702659 -0.0475492  -0.709936  -0.543655
 -0.333258   0.859564  -0.387413  -0.209321
  0.628657   0.508811   0.588135  -0.147009
         0          0          0          1
  0.695982 -0.0512129  -0.716231  -0.551433
 -0.335808   0.858443  -0.387696  -0.209783
  0.634699   0.510345   0.580263  -0.145673
         0          0          0          1
  0.687822 -0.0528611  -0.723952  -0.550493
 -0.340379   0.857407  -0.385998  -0.212627
  0.641126   0.511916   0.571751   -0.15391
         0          0          0          1
  0.684014 -0.0519801  -0.727615   -0.56574
 -0.347515   0.853777  -0.387684  -0.197436
  0.641372   0.518038   0.565931  -0.155736
         0          0          0          1
 0.674486 -0.051695 -0.736476 -0.556889
-0.352166  0.854216 -0.382484 -0.202666
 0.648882  0.517342  0.557952 -0.156904
        0         0         0         1
 0.681699 -0.052752 -0.729729 -0.581223
-0.336935  0.862701 -0.377123 -0.226775
 0.649432  0.502955  0.570329 -0.192662
        0         0         0         1
  0.676881 -0.0516211   -0.73428  -0.589278
 -0.340868   0.862153  -0.374834  -0.222004
  0.652411   0.504011    0.56598  -0.201348
         0          0          0          1
  0.666315 -0.0494867  -0.744026  -0.573557
 -0.348946   0.861106  -0.369774  -0.220205
  0.658985   0.506011     0.5565  -0.195592
         0          0          0          1
  0.660243 -0.0482475    -0.7495  -0.584482
 -0.351039   0.862397   -0.36475  -0.226284
  0.663965   0.503928   0.552455  -0.200747
         0          0          0          1
  0.654348 -0.0454669  -0.754825  -0.590646
 -0.355559   0.862466   -0.36018  -0.224287
  0.667387   0.504068   0.548187   -0.20449
         0          0          0          1
  0.647809 -0.0471455  -0.760343  -0.595594
 -0.357963   0.862195  -0.358444  -0.214782
  0.672463   0.504378   0.541661  -0.207575
         0          0          0          1
  0.638926 -0.0416309  -0.768141  -0.592778
 -0.362567   0.864376  -0.348423  -0.225364
  0.678468   0.501119   0.537179  -0.216712
         0          0          0          1
  0.633087 -0.0374396  -0.773175  -0.599331
 -0.364805   0.866524  -0.340667  -0.227291
  0.682729    0.49773   0.534927   -0.23312
         0          0          0          1
  0.626126 -0.0376821  -0.778811  -0.602668
 -0.366632   0.867296  -0.336717  -0.211766
  0.688148   0.496364   0.529221  -0.228761
         0          0          0          1
  0.617804 -0.0349122  -0.785556  -0.604294
 -0.370919   0.867947  -0.330285  -0.219916
  0.693352   0.495429   0.523272  -0.222489
         0          0          0          1
   0.61084 -0.0320702  -0.791104  -0.598251
 -0.373927   0.869042  -0.323952  -0.215034
  0.697892   0.493698   0.518854  -0.226054
         0          0          0          1
  0.609423 -0.0265819  -0.792399  -0.596706
 -0.381708   0.866149  -0.322623  -0.214964
  0.694911   0.499079   0.517705  -0.226166
         0          0          0          1
   0.60136 -0.0197809  -0.798734  -0.600429
 -0.385652   0.868341  -0.311859   -0.23043
  0.699742   0.495573   0.514557  -0.228517
         0          0          0          1
 0.594357 -0.020799 -0.803932 -0.601248
-0.389644  0.867045   -0.3105 -0.217623
 0.703504  0.497795   0.50723 -0.227212
        0         0         0         1
  0.591683 -0.0146332  -0.806038  -0.608315
 -0.392836   0.867865  -0.304122  -0.230313
  0.703982   0.496585   0.507752  -0.239549
         0          0          0          1
  0.585699 -0.0222946  -0.810222  -0.601023
 -0.392985   0.866455  -0.307926  -0.207024
  0.708886   0.498757    0.49872  -0.223029
         0          0          0          1
   0.58344 -0.0140643  -0.812035  -0.607272
  -0.39713   0.867222  -0.300355  -0.220112
  0.708439   0.497722   0.500387  -0.237347
         0          0          0          1
   0.583007 -0.00383933   -0.812458   -0.620732
  -0.401244    0.868172   -0.292029    -0.22581
   0.706474    0.496249     0.50461   -0.266373
          0           0           0           1
  0.570717 -0.0117052  -0.821064   -0.60631
 -0.401553   0.868208  -0.291495  -0.210908
  0.716266   0.496062   0.490801   -0.22555
         0          0          0          1
  0.570879 -0.0134247  -0.820924   -0.60601
 -0.402616   0.866816  -0.294159  -0.188985
   0.71554   0.498447   0.489442  -0.230767
         0          0          0          1
   0.568751 -0.00620087   -0.822487   -0.609499
  -0.403905    0.868993   -0.285853    -0.20275
   0.716508    0.494785    0.491736   -0.243921
          0           0           0           1
   0.559858 -0.00971487   -0.828532   -0.602458
  -0.408482    0.866742   -0.286183   -0.190294
   0.720903    0.498663    0.481284    -0.22789
          0           0           0           1
    0.56267 -0.00975003   -0.826624   -0.606245
  -0.403044    0.869802   -0.284605    -0.18983
   0.721774    0.493305    0.485481   -0.236555
          0           0           0           1
  0.556433 -0.0101345   -0.83083  -0.604835
 -0.409374   0.866795  -0.284744  -0.182528
  0.723046   0.498561   0.478165  -0.228535
         0          0          0          1
   0.551094 -0.00845634     -0.8344   -0.604514
  -0.412611    0.866385   -0.281297    -0.18798
   0.725291    0.499304    0.473971   -0.227334
          0           0           0           1
   0.558153 -0.00818646   -0.829698   -0.612009
  -0.411646    0.865482   -0.285462   -0.160144
   0.720425    0.500873    0.479702    -0.26513
          0           0           0           1
   0.546769 -0.00651708   -0.837258   -0.611136
  -0.420026    0.862907   -0.281014   -0.171136
   0.724307     0.50532    0.469074    -0.25173
          0           0           0           1
 0.527708  0.011392  -0.84935 -0.617691
 -0.43289  0.863925  -0.25737 -0.245398
 0.730843  0.503491  0.460831 -0.240227
        0         0         0         1
   0.522075 -0.00080303   -0.852899   -0.610343
  -0.428268    0.864544   -0.262965   -0.216744
    0.73758    0.502557    0.451013   -0.224834
          0           0           0           1
  0.527341 0.00072571  -0.849653  -0.619143
 -0.427592   0.864365  -0.264649  -0.197083
  0.734218   0.502865   0.456125  -0.271211
         0          0          0          1
 0.506263 0.0147708 -0.862253 -0.624402
-0.441077  0.863613  -0.24418 -0.259003
 0.741046  0.503939   0.44373 -0.255354
        0         0         0         1
    0.51923 -0.00160499   -0.854633   -0.620899
  -0.431307     0.86282    -0.26366   -0.185954
   0.737817    0.505509     0.44731   -0.289763
          0           0           0           1
   0.500816 0.000548896   -0.865554   -0.620706
  -0.440764    0.860793   -0.254484   -0.210229
   0.744923    0.508955    0.431341    -0.26292
          0           0           0           1
   0.49775 0.00662905  -0.867295  -0.625509
 -0.449002   0.857513  -0.251133  -0.219195
  0.742052   0.514419   0.429804  -0.265507
         0          0          0          1
 0.489537 0.0168313  -0.87182 -0.631141
-0.459408  0.854775 -0.241461  -0.24492
 0.741146  0.518725  0.426177 -0.281527
        0         0         0         1
 0.487973 0.0109728  -0.87279 -0.628442
 -0.45762  0.854696 -0.245109 -0.218259
  0.74328  0.519013   0.42209 -0.290898
        0         0         0         1
 0.470314  0.015296 -0.882366 -0.630605
-0.462662  0.855702 -0.231772 -0.251843
 0.751497  0.517243  0.409526 -0.270554
        0         0         0         1
 0.465932 0.0185119 -0.884627 -0.636306
-0.465545  0.855337 -0.227303 -0.250533
 0.752446  0.517741  0.407147  -0.28556
        0         0         0         1
 0.471384 0.0124978  -0.88184 -0.638975
 -0.46229  0.855023 -0.234997 -0.211889
 0.751056  0.518439  0.408822 -0.317852
        0         0         0         1
   0.481653 0.000474441   -0.876362   -0.635558
  -0.453091    0.856112   -0.248558   -0.147981
   0.750146     0.51679    0.412564   -0.362329
          0           0           0           1
  0.457967 0.00613516  -0.888948  -0.641262
 -0.463189   0.855159  -0.232723  -0.184799
  0.758764    0.51833   0.394476  -0.335386
         0          0          0          1
 0.424791 0.0241759 -0.904968 -0.647985
-0.476053  0.856236 -0.200585 -0.272114
 0.770017   0.51602  0.375231 -0.298055
        0         0         0         1
  0.42866 0.0138107  -0.90336 -0.648616
-0.472348  0.855771 -0.211054 -0.221152
 0.770155  0.517171  0.373358 -0.327036
        0         0         0         1
  0.418456 0.00524256  -0.908222   -0.64348
 -0.470017   0.856916   -0.21161  -0.198172
   0.77716   0.515429   0.361046  -0.318998
         0          0          0          1
  0.431921 0.00600099  -0.901891  -0.652929
 -0.470277   0.854778  -0.219531   -0.17224
  0.769599   0.518959   0.372019  -0.358689
         0          0          0          1
  0.425776 0.00944296  -0.904779   -0.65509
