1 0 0 0
0 1 0 0
0 0 1 0
0 0 0 1
    0.999938  0.000861064   -0.0110607    0.0260305
-0.000796379     0.999983   0.00585128   -0.0109047
   0.0110656  -0.00584212     0.999922   0.00321811
           0            0            0            1
   0.999988  0.00153153 -0.00465014    0.012313
-0.00148187    0.999942   0.0106628  -0.0168166
 0.00466621  -0.0106558    0.999932 -0.00275456
          0           0           0           1
    0.999986  -0.00460799   0.00253881  -0.00524796
  0.00461629     0.999984  -0.00327239    0.0200475
 -0.00252369   0.00328407     0.999991 -0.000234512
           0            0            0            1
   0.999995 -0.00177067 -0.00262421  0.00640648
 0.00178582    0.999982  0.00578129  0.00299267
 0.00261393 -0.00578594     0.99998  0.00139749
          0           0           0           1
   0.999996  0.00164446 -0.00248062  0.00704784
-0.00160496    0.999873   0.0158451  -0.0157466
 0.00250637   -0.015841    0.999871 -0.00187996
          0           0           0           1
    0.999996  0.000764888  -0.00270538   0.00715529
-0.000725208     0.999893    0.0146379    -0.011384
  0.00271629   -0.0146359     0.999889 -0.000511406
           0            0            0            1
     0.99999 -0.000884158  -0.00430998    0.0114518
 0.000918637     0.999968   0.00800435   0.00198692
  0.00430276  -0.00800823     0.999959   -0.0036389
           0            0            0            1
   0.999981  0.00172119 -0.00586189   0.0147978
-0.00159677    0.999775    0.021165  -0.0317689
   0.005897  -0.0211552    0.999759  0.00177469
          0           0           0           1
    0.999988   -0.0049131  0.000765073 -0.000978433
   0.0049069     0.999957   0.00791124 -6.65611e-05
-0.000803908  -0.00790739     0.999968  -0.00327768
           0            0            0            1
   0.999977 -0.00285818 -0.00618801   0.0168012
  0.0029302    0.999928   0.0116611  -0.0109169
 0.00615423   -0.011679    0.999913 -0.00182934
          0           0           0           1
   0.999955 -0.00940996 -0.00128601  0.00821758
 0.00940008    0.999928 -0.00748301   0.0320698
 0.00135633  0.00747058    0.999971 -0.00808439
          0           0           0           1
   0.999953 -0.00820767 -0.00525618   0.0169996
 0.00817006    0.999941 -0.00713877   0.0228119
 0.00531446  0.00709548    0.999961 -0.00651685
          0           0           0           1
   0.999948 -0.00758662 -0.00683213   0.0209674
 0.00755712    0.999962 -0.00433394  0.00758263
 0.00686475  0.00428208    0.999967 -0.00798018
          0           0           0           1
   0.999912  -0.0131758 -0.00164033  0.00524645
  0.0131392    0.999701  -0.0206288   0.0341224
 0.00191164   0.0206054    0.999786 -0.00760228
          0           0           0           1
   0.999832 -0.00567214  -0.0174101   0.0414258
 0.00548234    0.999925    -0.01093  0.00207646
  0.0174708   0.0108328    0.999789  -0.0161645
          0           0           0           1
   0.999921 -0.00930979 -0.00845251   0.0145208
    0.00918    0.999841  -0.0152668 -0.00191751
  0.0085933    0.015188    0.999848  -0.0157544
          0           0           0           1
   0.999773 -0.00497382  -0.0207138   0.0428575
 0.00467314    0.999883  -0.0145394   -0.017864
  0.0207837   0.0144393     0.99968 -0.00766114
          0           0           0           1
   0.999884 -0.00510659  -0.0143827    0.028829
 0.00476713    0.999712  -0.0235382  -0.0115906
  0.0144987   0.0234669    0.999619 -0.00623616
          0           0           0           1
   0.999911 -0.00451411  -0.0125455    0.028612
 0.00417203    0.999622   -0.027161  -0.0174387
  0.0126634   0.0271063    0.999552  -0.0167622
          0           0           0           1
   0.999939 -0.00728301 -0.00834709   0.0246478
 0.00688092     0.99886  -0.0472285   0.0155718
 0.00868155   0.0471681    0.998849  -0.0155763
          0           0           0           1
   0.999882 -0.00541578   -0.014378   0.0379404
 0.00482669     0.99916  -0.0406943 -0.00953056
  0.0145863   0.0406201    0.999068  -0.0125736
          0           0           0           1
   0.999826 -0.00104979  -0.0185988   0.0508558
0.000413269    0.999415  -0.0341943  -0.0279114
  0.0186239   0.0341807    0.999242  -0.0181109
          0           0           0           1
   0.999652  0.00528854  -0.0258264   0.0664645
-0.00606061    0.999534  -0.0299085  -0.0519138
  0.0256562   0.0300546    0.999219  -0.0130316
          0           0           0           1
   0.999501  0.00410941   -0.031318   0.0760087
-0.00527932    0.999288  -0.0373652  -0.0461104
  0.0311421   0.0375119    0.998811  -0.0116875
          0           0           0           1
    0.999613  -0.00130715   -0.0277764    0.0653719
-7.22148e-05     0.998769   -0.0496009   -0.0315818
    0.027807    0.0495837     0.998383   -0.0150624
           0            0            0            1
    0.999347  -0.00122087   -0.0361172    0.0799896
-0.000325174     0.999085   -0.0427696   -0.0626056
   0.0361363    0.0427534     0.998432   -0.0116511
           0            0            0            1
   0.999536 -0.00420709  -0.0301632    0.064839
 0.00250205    0.998408  -0.0563436  -0.0513085
  0.0303522    0.056242    0.997956  -0.0108945
          0           0           0           1
   0.999376 -0.00050439  -0.0353172   0.0791752
-0.00134023    0.998636  -0.0521871  -0.0818294
  0.0352953   0.0522019    0.998013  -0.0219591
          0           0           0           1
   0.999654 -0.00504417  -0.0258316   0.0592673
 0.00321824    0.997525  -0.0702457  -0.0652807
   0.026122   0.0701382    0.997195  -0.0268437
          0           0           0           1
    0.999178  -0.00207644   -0.0404822    0.0953678
-0.000562558     0.997881    -0.065069   -0.0973259
   0.0405315    0.0650383     0.997059    -0.021621
           0            0            0            1
  0.999533 -0.0136395 -0.0273341  0.0689914
 0.0110851   0.995742 -0.0915153 -0.0469588
 0.0284659  0.0911696   0.995428 -0.0207018
         0          0          0          1
  0.999359 -0.0146828 -0.0326577  0.0883393
 0.0121135   0.996917 -0.0775257 -0.0773995
 0.0336953  0.0770804   0.996455 -0.0199621
         0          0          0          1
  0.999403 -0.0157509 -0.0307406  0.0765707
 0.0133729   0.997012  -0.076085 -0.0756397
 0.0318471  0.0756285   0.996627 -0.0104154
         0          0          0          1
   0.999549  -0.0254818  -0.0158623   0.0478512
    0.02399    0.995829  -0.0880298  -0.0469542
  0.0180393   0.0876096    0.995992 -0.00573923
          0           0           0           1
   0.99934 -0.0278787 -0.0232959  0.0693628
  0.026131   0.997046 -0.0722272 -0.0769404
 0.0252407  0.0715708   0.997116 -0.0154521
         0          0          0          1
   0.999045  -0.0394225  -0.0188471   0.0589839
  0.0378244    0.996179  -0.0787173  -0.0470589
  0.0218783   0.0779292    0.996719 -0.00835263
          0           0           0           1
   0.998475  -0.0420426  -0.0357764    0.093949
  0.0398062    0.997339  -0.0610795  -0.0663025
  0.0382491   0.0595622    0.997492 -0.00661545
          0           0           0           1
   0.998498   -0.048053  -0.0263074   0.0716152
  0.0462867    0.996871  -0.0640693  -0.0419445
  0.0293039   0.0627554    0.997599 -0.00605767
          0           0           0           1
   0.997989  -0.0595651  -0.0216911   0.0688206
  0.0576669     0.99516  -0.0795671   0.0131806
  0.0263256   0.0781562    0.996593 -0.00807073
          0           0           0           1
   0.998107  -0.0606674  -0.0101404   0.0482691
  0.0599691    0.996462  -0.0588844  -0.0103933
  0.0136768   0.0581648    0.998213 -0.00721031
          0           0           0           1
  0.998037 -0.0519465  -0.034981   0.114774
 0.0508984   0.998247 -0.0302127 -0.0480926
 0.0364891  0.0283729   0.998931  0.0047517
         0          0          0          1
    0.99844  -0.0519794  -0.0204073    0.090998
  0.0515885    0.998483  -0.0192391  -0.0543193
  0.0213764   0.0181563    0.999607 -0.00570423
          0           0           0           1
  0.998481 -0.0536659 -0.0124883  0.0842124
 0.0534249   0.998393 -0.0188906 -0.0374662
  0.013482  0.0181947   0.999744 -0.0108105
         0          0          0          1
   0.999517  -0.0308205 -0.00403232   0.0533749
   0.030792    0.999502 -0.00696226  -0.0499142
 0.00424489  0.00683473    0.999968 -0.00368366
          0           0           0           1
    0.999438    -0.033408  -0.00269598    0.0683864
     0.03337     0.999357   -0.0130848   -0.0169019
  0.00313139    0.0129875     0.999911 -0.000221018
           0            0            0            1
   0.999513  -0.0306172  0.00600293   0.0654991
  0.0306313    0.999528 -0.00226572  -0.0301054
-0.00593073   0.0024485    0.999979 0.000308127
          0           0           0           1
   0.999617  -0.0253733    0.011028   0.0805632
  0.0252856    0.999648  0.00802028  -0.0488963
 -0.0112276 -0.00773836    0.999907  0.00118859
          0           0           0           1
   0.999261  -0.0294248   0.0247394   0.0717319
  0.0293006    0.999556  0.00536861  -0.0296494
 -0.0248864 -0.00463976     0.99968 -0.00735277
          0           0           0           1
  0.999091 -0.0288778  0.0313554  0.0804061
  0.028181   0.999351  0.0224425  -0.045934
-0.0319832 -0.0215385   0.999256 0.00119806
         0          0          0          1
   0.998745  -0.0314558   0.0389789   0.0913638
   0.030987    0.999441   0.0125744 -0.00857416
 -0.0393527  -0.0113508    0.999161  0.00509428
          0           0           0           1
   0.998632  -0.0245792   0.0461508    0.101639
   0.023215    0.999284   0.0298669  -0.0464425
 -0.0468518  -0.0287546    0.998488 -0.00492504
          0           0           0           1
   0.997662  -0.0309795   0.0609114    0.085746
  0.0298259     0.99936   0.0197571 -0.00248123
 -0.0614845  -0.0178942    0.997948  -0.0132094
          0           0           0           1
   0.99718 -0.0290832  0.0691783  0.0917632
 0.0273909   0.999305  0.0252879 0.00329042
-0.0698656 -0.0233217   0.997284 -0.0126235
         0          0          0          1
  0.996349 -0.0289175  0.0803288  0.0899503
   0.02699   0.999324  0.0249784  0.0257978
-0.0809968 -0.0227192   0.996455 -0.0208154
         0          0          0          1
  0.996368 -0.0540107  0.0658239   0.136698
  0.052111   0.998183  0.0302444  -0.010538
-0.0673378 -0.0267044   0.997373  -0.014526
         0          0          0          1
   0.996108  -0.0530334   0.0704079    0.146963
  0.0499205    0.997727    0.045261 -0.00851014
 -0.0726483    -0.04157    0.996491  -0.0245437
          0           0           0           1
  0.994817 -0.0550625  0.0854879   0.120871
 0.0499996   0.996929  0.0602765 0.00261519
-0.0885443 -0.0556897   0.994514 -0.0157556
         0          0          0          1
  0.994775 -0.0518465  0.0879516   0.129261
 0.0455124   0.996325  0.0725553  0.0029944
-0.0913901 -0.0681733   0.993479 -0.0244768
         0          0          0          1
  0.994911 -0.0479424  0.0886151   0.149102
 0.0412446    0.99626  0.0759281  0.0106232
-0.0919238 -0.0718869   0.993168 -0.0306847
         0          0          0          1
  0.994002 -0.0465784  0.0989479   0.139571
  0.038094   0.995569  0.0859696 0.00150573
 -0.102514 -0.0816846   0.991372 -0.0355745
         0          0          0          1
   0.99272 -0.0466535   0.111043   0.125932
 0.0364512   0.995073  0.0921968 0.00605623
 -0.114797  -0.087478    0.98953 -0.0388926
         0          0          0          1
  0.992426 -0.0460169   0.113897   0.134678
 0.0355815   0.995122  0.0920162  0.0263378
 -0.117576 -0.0872667   0.989222 -0.0477129
         0          0          0          1
  0.991015 -0.0461597   0.125535    0.12145
 0.0336766   0.994437  0.0998039  0.0258996
 -0.129444 -0.0946795   0.987056 -0.0541336
         0          0          0          1
  0.990801 -0.0482728   0.126423   0.143368
 0.0346777   0.993588   0.107611  0.0276522
 -0.130807  -0.102237   0.986122 -0.0617616
         0          0          0          1
  0.988837 -0.0507169   0.140105   0.130519
   0.03503   0.993063   0.112245  0.0343795
 -0.144826  -0.106084   0.983754  -0.062896
         0          0          0          1
  0.985714 -0.0487226   0.161226  0.0728371
 0.0314942    0.99368   0.107739  0.0549165
 -0.165456  -0.101122   0.981019 -0.0544775
         0          0          0          1
  0.982774 -0.0522586   0.177271  0.0484724
  0.032476   0.993096   0.112716   0.062573
 -0.181938  -0.105017   0.977686  -0.065773
         0          0          0          1
  0.981993 -0.0579793     0.1798  0.0625789
   0.03591   0.991675   0.123655  0.0579263
 -0.185473  -0.114972     0.9759 -0.0736401
         0          0          0          1
  0.980368 -0.0630415   0.186825  0.0619306
 0.0385199   0.990489   0.132093  0.0583045
 -0.193375  -0.122303   0.973472  -0.080619
         0          0          0          1
  0.980232 -0.0666957   0.186274  0.0781845
 0.0410221   0.989522    0.13843   0.062263
 -0.193555  -0.128052   0.972697  -0.103202
         0          0          0          1
  0.978098 -0.0707811   0.195739  0.0725116
 0.0413889   0.987764   0.150366  0.0519256
 -0.203987  -0.138971   0.969059  -0.109852
         0          0          0          1
  0.975699 -0.0726389   0.206723   0.065162
 0.0417625   0.987806   0.149986  0.0651773
 -0.215097  -0.137708   0.966835  -0.120458
         0          0          0          1
  0.971456 -0.0803336   0.223203  0.0479184
 0.0456731   0.986649   0.156323  0.0517946
 -0.232781  -0.141666   0.962156   -0.12174
         0          0          0          1
  0.969468 -0.0806693   0.231568  0.0622138
 0.0435106   0.985945   0.161306  0.0476177
 -0.241325  -0.146305   0.959352  -0.137119
         0          0          0          1
  0.964157 -0.0833738   0.251893  0.0477469
 0.0440889   0.986493   0.157761  0.0674604
 -0.261644  -0.141001    0.95481  -0.151473
         0          0          0          1
  0.962391 -0.0833686   0.258561  0.0765708
 0.0422273   0.986088   0.160773  0.0767356
 -0.268368  -0.143808   0.952522  -0.153047
         0          0          0          1
  0.961727 -0.0816379   0.261564  0.0725683
 0.0378944   0.985039   0.168114  0.0519198
 -0.271375  -0.151768   0.950433  -0.161178
         0          0          0          1
  0.966659 -0.0825777   0.242386   0.156118
 0.0420952   0.984943   0.167677  0.0640754
 -0.252583  -0.151883    0.95558  -0.224501
         0          0          0          1
  0.957042 -0.0843584   0.277405   0.107526
 0.0358256   0.983813   0.175578  0.0522672
 -0.287726  -0.158098   0.944573  -0.208828
         0          0          0          1
  0.950718 -0.0859388   0.297909   0.103659
 0.0307731    0.98223   0.185141  0.0435112
 -0.308526  -0.166849   0.936468  -0.209112
         0          0          0          1
  0.941664 -0.0857322   0.325451   0.085668
  0.022625   0.980949   0.192944  0.0524326
 -0.335793  -0.174325   0.925664  -0.198924
         0          0          0          1
  0.936446 -0.0908382   0.338848  0.0862572
 0.0218031   0.979097    0.20222  0.0535088
 -0.350135   -0.18198   0.918852  -0.225927
         0          0          0          1
  0.932076 -0.0887953   0.351211   0.102773
  0.017881    0.97959   0.200211  0.0765376
  -0.36182  -0.180332    0.91464  -0.228001
         0          0          0          1
 0.924031 -0.100314  0.368922 0.0952849
0.0217378  0.977188  0.211261 0.0556474
-0.381698 -0.187193  0.905133 -0.230175
        0         0         0         1
 0.915786 -0.101991  0.388503 0.0866528
0.0171771  0.976285  0.215806 0.0610004
  -0.4013 -0.190959   0.89582 -0.229723
        0         0         0         1
  0.91297 -0.113456  0.391937   0.10973
0.0257983  0.974693  0.222056  0.053507
-0.407211 -0.192619  0.892792  -0.26157
        0         0         0         1
 0.899432 -0.118205  0.420772 0.0818011
0.0247316  0.974955  0.221024 0.0605316
 -0.43636 -0.188389  0.879829 -0.235473
        0         0         0         1
 0.895794 -0.118964  0.428254 0.0561807
0.0197573   0.97322  0.229023 0.0336376
-0.444031 -0.196696  0.874155 -0.210384
        0         0         0         1
     0.89162     -0.13359      0.43263    0.0802337
   0.0280736     0.969957     0.241651 -9.22418e-05
   -0.451914    -0.203315     0.868583    -0.233539
           0            0            0            1
  0.880403  -0.140504   0.452934  0.0644991
 0.0291191   0.969316   0.244088 -0.0053673
 -0.473331  -0.201707    0.85748  -0.231117
         0          0          0          1
 0.872142 -0.137705  0.469473 0.0619956
0.0267419  0.971556  0.235297 0.0158159
-0.488521 -0.192658  0.851017 -0.229199
        0         0         0         1
 0.866842  -0.14104  0.478219 0.0689756
0.0300813  0.972202  0.232202 0.0168733
-0.497675 -0.186897  0.846988 -0.242906
        0         0         0         1
  0.865028  -0.148497   0.479244  0.0897722
 0.0358427   0.971046   0.236189 0.00340408
 -0.500442  -0.187133   0.845304  -0.259641
         0          0          0          1
   0.857183   -0.153712    0.491539   0.0806911
  0.0394781    0.971224    0.234872 0.000343315
  -0.513497   -0.181923    0.838585   -0.248524
          0           0           0           1
   0.856187   -0.156429    0.492416   0.0978752
   0.042067    0.971006    0.235323 -0.00857886
   -0.51495   -0.180766    0.837944   -0.257167
          0           0           0           1
 0.851671 -0.148785  0.502514 0.0920111
0.0389355  0.974168  0.222445 0.0215626
-0.522629 -0.169884  0.835463 -0.256581
        0         0         0         1
 0.850842  -0.15423  0.502276  0.106741
0.0450703  0.973848  0.222684 0.0133229
-0.523485 -0.166831  0.835542 -0.269969
        0         0         0         1
  0.846274  -0.155483   0.509553   0.101644
 0.0434452    0.97342   0.224871 0.00579849
 -0.530973  -0.168165   0.830535   -0.26926
         0          0          0          1
    0.850053    -0.138104     0.508268     0.110793
   0.0264377     0.974983     0.220702 -0.000919398
   -0.526032    -0.174171     0.832439    -0.285295
           0            0            0            1
 0.848909 -0.132092  0.511767  0.117465
0.0253495  0.977328  0.210209 0.0234642
-0.527931 -0.165475   0.83301 -0.291092
        0         0         0         1
  0.850003  -0.145959   0.506153   0.144823
  0.035519   0.974541    0.22138 -0.0154807
 -0.525579  -0.170195   0.833547  -0.305288
         0          0          0          1
    0.85025   -0.142724     0.50666    0.155126
  0.0346804    0.975637    0.216634 -0.00628203
  -0.525235   -0.166622    0.834485   -0.324262
          0           0           0           1
  0.843584  -0.135541    0.51961   0.143624
 0.0266482   0.976996   0.211587 0.00793248
 -0.536336  -0.164645    0.82779  -0.317191
         0          0          0          1
 0.842758 -0.142232  0.519162  0.167328
 0.031159  0.975733  0.216736 -0.012506
-0.537391 -0.166479  0.826738 -0.321691
        0         0         0         1
   0.841332   -0.137873    0.522639    0.177073
  0.0299297    0.977321    0.209639 -0.00971446
   -0.53969   -0.160733    0.826378   -0.336252
          0           0           0           1
  0.841802  -0.129691   0.523974   0.190404
 0.0259491   0.979308   0.200704 0.00096694
 -0.539162  -0.155356   0.827749  -0.350941
         0          0          0          1
  0.839874  -0.131671   0.526569   0.202994
 0.0275178   0.979212   0.200965 -0.0128959
 -0.542084  -0.154295   0.826038  -0.362354
         0          0          0          1
   0.837038   -0.125411    0.532578    0.210989
  0.0259764    0.981388    0.190269 -0.00305093
  -0.546528   -0.145428    0.824717   -0.374793
          0           0           0           1
  0.833601  -0.128715   0.537161   0.221933
 0.0259751    0.98053   0.194646 -0.0223956
 -0.551756  -0.148304   0.820714  -0.378676
         0          0          0          1
  0.829641    -0.1391   0.540692   0.203957
 0.0319045   0.978695   0.202827 -0.0381696
 -0.557385  -0.151023   0.816403  -0.369449
         0          0          0          1
  0.826921  -0.147628   0.542594   0.213652
  0.037277   0.977191   0.209063 -0.0556342
 -0.561082  -0.152652   0.813563  -0.371205
         0          0          0          1
  0.825821  -0.143909   0.545261    0.21277
 0.0375757   0.978785   0.201417 -0.0460339
 -0.562679  -0.145846   0.813708  -0.380448
         0          0          0          1
  0.827678  -0.150358   0.540686   0.231318
 0.0453922    0.97822   0.202545 -0.0631726
 -0.559364  -0.143099   0.816477  -0.388148
         0          0          0          1
  0.823788  -0.141417   0.548976    0.21115
 0.0416108   0.980857   0.190229 -0.0423423
 -0.565369  -0.133865   0.813903  -0.390422
         0          0          0          1
 0.821038 -0.148931  0.551105  0.213338
0.0477212  0.979897  0.193713 -0.051567
-0.568876 -0.132746  0.811639 -0.390693
        0         0         0         1
  0.818798  -0.149497   0.554274   0.212922
 0.0504547   0.980501   0.189924 -0.0422738
  -0.57186  -0.127544   0.810376  -0.397728
         0          0          0          1
  0.813041  -0.146016   0.563598   0.197735
 0.0482139   0.981601   0.184758 -0.0259905
 -0.580206  -0.123043   0.805122  -0.398673
         0          0          0          1
  0.815212  -0.164036   0.555447   0.235896
 0.0610132   0.978039    0.19929 -0.0473336
 -0.575939  -0.128574   0.807318  -0.411667
         0          0          0          1
  0.812094  -0.169435   0.558386   0.237988
 0.0622531   0.976612   0.205802 -0.0502209
 -0.580196  -0.132369   0.803649  -0.417601
         0          0          0          1
 0.804221 -0.167438  0.570257  0.224635
0.0562077  0.976622  0.207485  -0.03758
-0.591666 -0.134811  0.794831 -0.409164
        0         0         0         1
 0.804627 -0.205809  0.556972  0.255648
0.0805517  0.967173  0.241015 -0.136989
-0.588291 -0.149063  0.794792 -0.408843
        0         0         0         1
 0.802704  -0.21224  0.557333  0.266916
0.0826489  0.965102  0.248488 -0.129391
-0.590623   -0.1534  0.792233 -0.410711
        0         0         0         1
 0.801136 -0.222497  0.555586  0.273236
0.0876855  0.961945  0.258793 -0.132809
-0.592024 -0.158611  0.790159 -0.416747
        0         0         0         1
 0.794752 -0.218191  0.566358  0.255959
0.0810323  0.962938  0.257265 -0.120756
  -0.6015 -0.158568  0.782978 -0.404489
        0         0         0         1
  0.79531 -0.222732  0.563802  0.269812
0.0863961  0.962207  0.258252 -0.123531
-0.600015  -0.15668  0.784495 -0.416442
        0         0         0         1
 0.792363 -0.220119  0.568955  0.258019
 0.083818  0.963072  0.255866 -0.109047
-0.604265  -0.15505  0.781552 -0.415534
        0         0         0         1
 0.793139 -0.225226  0.565865  0.265414
0.0854848   0.96108  0.262711 -0.111422
-0.603011 -0.159994  0.781524 -0.415174
        0         0         0         1
  0.795525  -0.218745   0.565058   0.260199
 0.0811824   0.962632   0.258359 -0.0824395
 -0.600457  -0.159659   0.783556  -0.423804
         0          0          0          1
 0.797783 -0.231738  0.556632  0.267402
0.0838355  0.956856  0.278204 -0.100592
-0.597088 -0.175281  0.782792 -0.422027
        0         0         0         1
  0.801022  -0.232905    0.55147   0.261565
 0.0817759   0.955149   0.284612 -0.0806562
 -0.593023  -0.182883   0.784141  -0.427859
         0          0          0          1
  0.805768  -0.238685   0.542003   0.266869
 0.0830564   0.951687   0.295625 -0.0724619
 -0.586378  -0.193188   0.786663   -0.42999
         0          0          0          1
 0.801724 -0.227339  0.552771  0.235031
0.0769219  0.956393  0.281772 -0.029191
-0.592724 -0.183383  0.784251 -0.428881
        0         0         0         1
  0.800398  -0.233669   0.552052   0.218143
 0.0758178   0.952966    0.29344 -0.0277219
 -0.594655  -0.193013   0.780469  -0.416238
         0          0          0          1
  0.806518  -0.243338   0.538809   0.236908
 0.0815142   0.948433   0.306318 -0.0350088
 -0.585563  -0.203131   0.784764   -0.42439
         0          0          0          1
  0.805424  -0.244476   0.539929   0.216625
 0.0807015   0.947718   0.308736 -0.0285227
 -0.587179   -0.20509   0.783044  -0.415671
         0          0          0          1
  0.811547  -0.252306   0.527003   0.231525
 0.0907185   0.945433   0.312931 -0.0281666
 -0.577201   -0.20615   0.790153  -0.428473
         0          0          0          1
 0.815092 -0.240465  0.527068  0.219912
0.0796201  0.947652  0.309219 0.0114554
-0.573834 -0.210077   0.79157 -0.432558
        0         0         0         1
  0.816704  -0.253348   0.518469   0.226908
  0.082919   0.940669   0.329039 -0.0109128
 -0.571069  -0.225736   0.789255  -0.427318
         0          0          0          1
 0.818515 -0.260545  0.512005  0.226392
0.0846514  0.936213  0.341086 -0.017602
-0.568214 -0.235842   0.78836 -0.426063
        0         0         0         1
    0.820841      -0.2592     0.508955     0.218616
   0.0809643     0.934902     0.345547 -9.68222e-05
   -0.565389    -0.242432     0.788392     -0.43166
           0            0            0            1
 0.819813 -0.262512  0.508914  0.202289
0.0774099  0.931378   0.35573 0.0075218
-0.567375 -0.252237  0.783877 -0.425228
        0         0         0         1
  0.820848  -0.266581   0.505117   0.191486
 0.0739524   0.926554   0.368821 0.00672802
 -0.566338  -0.265392   0.780274  -0.420122
         0          0          0          1
 0.819568 -0.245856  0.517555  0.181453
0.0493681  0.930206  0.363703 0.0269018
-0.570851 -0.272529  0.774504 -0.401313
        0         0         0         1
 0.822869  -0.25291  0.508845  0.173417
0.0517786  0.925137  0.376086 0.0218179
-0.565867 -0.283122  0.774362 -0.408167
        0         0         0         1
 0.828649  -0.25246  0.499604  0.172247
0.0497122  0.922183  0.383545 0.0216522
-0.557556 -0.292988  0.776717 -0.415187
        0         0         0         1
  0.83217  -0.24607  0.496933  0.161972
 0.044761  0.923033  0.382108 0.0410865
-0.552711 -0.295735  0.779135 -0.410043
        0         0         0         1
  0.839748  -0.254285   0.479752   0.174037
 0.0495169   0.915743   0.398702 0.00796751
 -0.540713  -0.311053   0.781585  -0.413932
         0          0          0          1
 0.846241 -0.246795  0.472195  0.165303
0.0450698  0.916233  0.398102 0.0243346
-0.530891 -0.315608  0.786477 -0.419537
        0         0         0         1
 0.852456 -0.245865  0.461378  0.160466
0.0448829  0.913674  0.403963 0.0249704
-0.520869 -0.323653  0.789902  -0.41462
        0         0         0         1
    0.862108    -0.255383     0.437663     0.177231
   0.0559469     0.906402     0.418695 -0.000956389
   -0.503627    -0.336474     0.795704    -0.415927
           0            0            0            1
  0.870502  -0.245682   0.426459   0.164279
 0.0497776   0.906001   0.420338 0.00905999
 -0.489642  -0.344677   0.800905  -0.420688
         0          0          0          1
 0.884399 -0.240517  0.399988    0.1842
0.0536994  0.903741  0.424697 0.0212789
-0.463632 -0.354123  0.812184 -0.441406
        0         0         0         1
 0.889512 -0.238549  0.389695  0.168365
0.0516863   0.89995  0.432918 0.0224604
-0.453978 -0.364944  0.812846 -0.435353
        0         0         0         1
 0.893577 -0.237407  0.380995  0.188082
0.0607628  0.904868  0.421334 0.0536417
-0.444778 -0.353344  0.822995 -0.455132
        0         0         0         1
 0.900364 -0.231636  0.368361  0.179784
0.0593747   0.90402  0.423347 0.0668766
-0.431068 -0.359295    0.8277 -0.462756
        0         0         0         1
 0.907147 -0.228198  0.353569  0.179455
0.0583378  0.900283  0.431378 0.0649563
-0.416751 -0.370697  0.830001 -0.465299
        0         0         0         1
  0.91122 -0.220597  0.347874  0.161168
0.0486186  0.896209   0.44096  0.072156
-0.409042 -0.384899  0.827368 -0.455173
        0         0         0         1
 0.916582 -0.218413  0.334922  0.139144
0.0474383  0.891112  0.451297 0.0811168
-0.397023 -0.397763  0.827138 -0.453416
        0         0         0         1
 0.923048 -0.219283  0.316065  0.123675
 0.053093  0.886378  0.459907 0.0774944
-0.381003 -0.407736  0.829812 -0.453396
        0         0         0         1
 0.929328 -0.210154  0.303619 0.0982617
0.0479889  0.884012  0.464995 0.0931905
-0.366123 -0.417563  0.831622 -0.452182
        0         0         0         1
 0.939367 -0.214559  0.267497  0.131621
0.0677988  0.880878  0.468463  0.108715
-0.336145 -0.421923  0.842014 -0.475137
        0         0         0         1
 0.943716 -0.210457  0.255161  0.117696
0.0693053  0.880145  0.469618  0.138736
-0.323413 -0.425502  0.845194 -0.487335
        0         0         0         1
 0.945728 -0.209178  0.248684  0.100352
0.0637932  0.869891  0.489101  0.133483
-0.318637 -0.446692  0.836024 -0.478119
        0         0         0         1
 0.946749 -0.203902  0.249178 0.0746473
0.0489533  0.856075  0.514528  0.127501
-0.318229 -0.474931   0.82047 -0.458151
        0         0         0         1
 0.946013 -0.201115  0.254189 0.0653711
0.0447712  0.857783  0.512058   0.13018
-0.321022 -0.473033  0.820478 -0.460735
        0         0         0         1
 0.950036 -0.201156  0.238681 0.0665974
0.0449834  0.844905  0.533021  0.122898
-0.308883 -0.495653  0.811739 -0.455514
        0         0         0         1
  0.95172 -0.202353  0.230831 0.0550497
0.0438036  0.833798   0.55033  0.109736
-0.303827 -0.513648  0.802405 -0.449566
        0         0         0         1
 0.953149 -0.195148  0.231139 0.0315345
0.0411497   0.84063  0.540045   0.14044
-0.299691 -0.505231  0.809275 -0.458379
        0         0         0         1
 0.957355 -0.187801  0.219548 0.0251343
0.0400681  0.838873  0.542851  0.146191
-0.286121 -0.510904  0.810624 -0.463775
        0         0         0         1
 0.960328 -0.188744  0.205295 0.0204357
0.0445865  0.830605  0.555074  0.131652
-0.275286 -0.523899  0.806069   -0.4604
        0         0         0         1
  0.962733  -0.184221   0.198009 0.00570259
 0.0427091    0.82651     0.5613   0.129776
  -0.26706  -0.531926   0.803576  -0.456396
         0          0          0          1
   0.966073   -0.179892    0.185315 -0.00137871
  0.0448996    0.823585    0.565414    0.133193
  -0.254336    -0.53791     0.80372   -0.460443
          0           0           0           1
    0.96783   -0.180336    0.175454 -0.00967823
  0.0462527    0.812975    0.580459    0.114303
  -0.247318    -0.55367    0.795162   -0.447247
          0           0           0           1
  0.970207   -0.17199   0.170642 -0.0237134
  0.044358   0.818513   0.572773   0.126849
 -0.238184  -0.548139   0.801756  -0.456774
         0          0          0          1
  0.972714  -0.164486    0.16362 -0.0295219
 0.0425684   0.819798   0.571068   0.131936
 -0.228068  -0.548521   0.804431  -0.460196
         0          0          0          1
  0.971495  -0.165973   0.169267 -0.0386989
 0.0419947   0.823218   0.566171   0.139571
 -0.233313  -0.542923   0.806721  -0.460306
         0          0          0          1
  0.972796  -0.166155   0.161434 -0.0416218
 0.0440813   0.816874   0.575129   0.122892
 -0.227432  -0.552367   0.801976  -0.457175
         0          0          0          1
  0.974715   -0.15812   0.157888 -0.0491271
 0.0416482   0.822761    0.56686   0.128113
 -0.219536  -0.545951   0.808543   -0.46572
         0          0          0          1
  0.975635  -0.156234   0.154035 -0.0558793
 0.0421668   0.822514   0.567179   0.116072
 -0.215309  -0.546865   0.809062   -0.45893
         0          0          0          1
  0.976881  -0.148098   0.154174 -0.0679214
 0.0382986   0.830744   0.555335   0.122297
 -0.210323  -0.536592    0.81721  -0.463413
         0          0          0          1
  0.977053  -0.152051   0.149155 -0.0728446
  0.043808    0.82876   0.557886   0.100773
 -0.208441  -0.538551   0.816404   -0.45222
         0          0          0          1
 0.978856 -0.145242  0.144034 -0.078512
0.0438981  0.836903  0.545588 0.0993963
-0.199785 -0.527729  0.825584  -0.46001
        0         0         0         1
  0.979257  -0.155258   0.130197 -0.0709307
 0.0589612   0.833092   0.549983  0.0680487
 -0.193855  -0.530898   0.824965  -0.445497
         0          0          0          1
  0.981863  -0.143401   0.124023 -0.0747068
 0.0567057   0.846328   0.529635  0.0716624
 -0.180915  -0.512996    0.83911  -0.451502
         0          0          0          1
  0.983497  -0.129969   0.125866 -0.0925448
 0.0481731   0.858676   0.510249  0.0770075
 -0.174395  -0.495765   0.850766  -0.460748
         0          0          0          1
  0.985591  -0.122233   0.116914 -0.0945902
 0.0498715   0.870483   0.489666  0.0684816
 -0.161625   -0.47678   0.864036  -0.466915
         0          0          0          1
  0.986416  -0.117792    0.11449 -0.0909978
 0.0479135   0.872997   0.485366  0.0745197
 -0.157122  -0.473288   0.866782  -0.472144
         0          0          0          1
 0.987199    -0.108  0.117365 -0.100659
0.0405443  0.881612   0.47023 0.0808735
-0.154255 -0.459452  0.874705 -0.476968
        0         0         0         1
 0.987171 -0.105903  0.119493  -0.11077
0.0387697  0.884968  0.464036 0.0760931
 -0.15489  -0.45345   0.87772  -0.47939
        0         0         0         1
 0.987314 -0.109235  0.115232 -0.109233
0.0435549  0.884226  0.465025 0.0580316
-0.152688 -0.454106  0.877766 -0.472539
        0         0         0         1
 0.988883 -0.101173  0.108966  -0.10178
0.0413685   0.89109  0.451938 0.0623627
-0.142822 -0.442406  0.885369 -0.479229
        0         0         0         1
 0.988946 -0.100307    0.1092 -0.109052
0.0413383  0.893772  0.446612 0.0581345
-0.142398 -0.437161  0.888039 -0.480994
        0         0         0         1
 0.989654 -0.100024  0.102859 -0.102379
0.0441291  0.894373  0.445139 0.0476272
-0.136519 -0.435995  0.889534 -0.478772
        0         0         0         1
  0.990261 -0.0925317   0.104021  -0.113049
 0.0380762   0.898683   0.436942  0.0516401
 -0.133913  -0.428726   0.893454  -0.472233
         0          0          0          1
  0.990426 -0.0922767   0.102676  -0.115943
 0.0386013   0.899219   0.435793    0.04092
 -0.132541  -0.427657   0.894171  -0.467851
         0          0          0          1
  0.991155 -0.0784417    0.10705  -0.133242
 0.0263586   0.906911   0.420498  0.0595467
 -0.130069  -0.413957   0.900956  -0.473391
         0          0          0          1
  0.991408 -0.0820332   0.101889  -0.131544
 0.0313939   0.905369   0.423464  0.0463827
 -0.126985  -0.416626   0.900165  -0.466813
         0          0          0          1
  0.991251 -0.0897066  0.0968252   -0.11494
 0.0406286   0.905306   0.422812  0.0571768
 -0.125585  -0.415179    0.90103  -0.466942
         0          0          0          1
  0.991059 -0.0869989   0.101156  -0.139598
 0.0373387   0.908724   0.415724   0.059505
  -0.12809  -0.408231   0.903848  -0.465488
         0          0          0          1
  0.991817 -0.0857695   0.094566  -0.136797
 0.0399614   0.912061   0.408102  0.0622125
 -0.121253  -0.400984   0.908025  -0.470638
         0          0          0          1
  0.992804 -0.0825865   0.086719  -0.131536
 0.0404357   0.912809   0.406381  0.0545231
 -0.112719   -0.39995   0.909579  -0.451716
         0          0          0          1
  0.992996 -0.0764417  0.0900916  -0.151746
 0.0349563   0.918446      0.394  0.0621236
 -0.112862  -0.388091   0.914685  -0.456528
         0          0          0          1
  0.993796 -0.0735027  0.0834678   -0.14603
 0.0353438     0.9203   0.389613   0.053508
 -0.105453  -0.384245   0.917189  -0.450885
         0          0          0          1
 0.994059 -0.074652 0.0792094 -0.149135
 0.038492  0.921816  0.385713 0.0513673
-0.101811 -0.380372  0.919212  -0.45179
        0         0         0         1
  0.994823 -0.0721908  0.0715189  -0.147823
 0.0394062   0.922779    0.38331  0.0478834
-0.0936676  -0.378507   0.920847  -0.442145
         0          0          0          1
  0.995965 -0.0676252  0.0590034  -0.135823
 0.0402778   0.924315   0.379499  0.0452652
-0.0802014  -0.375591   0.923309  -0.436147
         0          0          0          1
    0.99642  -0.0589723   0.0605779    -0.16104
  0.0301348    0.917221    0.397237 -0.00768909
 -0.0789893   -0.393989    0.915715   -0.415258
          0           0           0           1
  0.997041 -0.0604141  0.0475363  -0.161217
 0.0378981   0.924292     0.3798   0.027981
-0.0668827  -0.376875   0.923846  -0.423833
         0          0          0          1
   0.995835   -0.068579   0.0600786   -0.190193
  0.0396928    0.919332    0.391476 -0.00410957
 -0.0820792   -0.387461    0.918225   -0.427389
          0           0           0           1
  0.996537 -0.0698905  0.0450435   -0.18751
 0.0480921   0.926405   0.373445  0.0288562
-0.0678288  -0.369986   0.926558  -0.431585
         0          0          0          1
  0.997508 -0.0664046  0.0238363   -0.16868
 0.0530628    0.92877   0.366838  0.0320206
-0.0464982  -0.364659   0.929979  -0.430386
         0          0          0          1
  0.998037 -0.0617018  0.0107154  -0.167854
 0.0531712   0.925273   0.375556 0.00122659
-0.0330872  -0.374249   0.926738   -0.41571
         0          0          0          1
   0.998142  -0.0609283 -5.8297e-08   -0.175751
  0.0567067    0.928982    0.365754   0.0184263
 -0.0222847   -0.365075    0.930711   -0.417024
          0           0           0           1
  0.998397 -0.0560168 -0.0080916  -0.185361
 0.0549236   0.924385   0.377487 -0.0188863
-0.0136659  -0.377326    0.92598  -0.393697
         0          0          0          1
   0.998338  -0.0533698  -0.0217454   -0.179537
  0.0576272    0.928123    0.367786 -0.00328348
0.000553769   -0.368428    0.929656   -0.389657
          0           0           0           1
  0.997343 -0.0532509 -0.0497035  -0.134413
 0.0671075   0.937076   0.342614  0.0435779
 0.0283314   -0.34504    0.93816  -0.403299
         0          0          0          1
  0.997096 -0.0495756 -0.0578056  -0.139217
  0.066454   0.937146   0.342551  0.0217606
 0.0371901  -0.345398   0.937719  -0.393788
         0          0          0          1
  0.996499 -0.0454323 -0.0701818  -0.127021
 0.0673439   0.933647   0.351806 -0.0276988
 0.0495417    -0.3553   0.933438  -0.367316
         0          0          0          1
   0.99555 -0.0464916 -0.0819679  -0.112731
 0.0708917   0.942568   0.326406 0.00144376
 0.0620852  -0.330764   0.941669  -0.371332
         0          0          0          1
  0.995932  -0.048919 -0.0756761  -0.129777
 0.0705097   0.945994   0.316425  0.0289115
 0.0561099  -0.320473   0.945594  -0.385046
         0          0          0          1
   0.996435   -0.042138  -0.0730901   -0.150525
  0.0632031    0.946701    0.315851 0.000460985
  0.0558851   -0.319345    0.945989   -0.364056
          0           0           0           1
  0.994644 -0.0407916 -0.0949726  -0.106624
 0.0673021   0.952954   0.295549  0.0207659
 0.0784486  -0.300358   0.950595  -0.361436
         0          0          0          1
  0.994982 -0.0346797 -0.0938564  -0.113895
  0.060454   0.955808    0.28771  0.0127532
 0.0797309  -0.291941   0.953107  -0.357299
         0          0          0          1
  0.994009 -0.0332662  -0.104114  -0.088191
 0.0607312   0.960079   0.273058  0.0251964
  0.090874  -0.277745   0.956347  -0.359983
         0          0          0          1
  0.993808 -0.0261237  -0.107999 -0.0834781
 0.0549191   0.960431    0.27305  0.0181576
 0.0965924   -0.27729   0.955918  -0.342338
         0          0          0          1
   0.994101  -0.0215845   -0.106291  -0.0910915
  0.0508125    0.958481    0.280594 -0.00723956
