1 0 0 0
0 1 0 0
0 0 1 0
0 0 0 1
   0.999847  0.00112872   0.0174297 -0.00503361
-0.00135882    0.999912   0.0131951 -0.00858603
 -0.0174133  -0.0132168    0.999761 -0.00219499
          0           0           0           1
   0.999509 -0.00174269   0.0312793   0.0019653
 0.00107727    0.999773   0.0212777 -0.00640909
 -0.0313093  -0.0212336    0.999284  0.00685228
          0           0           0           1
  0.999443 -0.0114719  0.0313364 0.00625777
 0.0104329   0.999397  0.0331223 -0.0303957
-0.0316975 -0.0327769    0.99896 0.00996046
         0          0          0          1
   0.999406 -0.00802446   0.0335294  0.00109634
 0.00720584    0.999675   0.0244649 -0.00683943
 -0.0337148  -0.0242088    0.999138  0.00906041
          0           0           0           1
   0.999286 -0.00983063   0.0364753 -0.00144279
 0.00880547    0.999565   0.0281606 -0.00319966
 -0.0367363  -0.0278193    0.998938  0.00946288
          0           0           0           1
   0.99928 -0.0171829  0.0338236  0.0118711
 0.0159861   0.999247  0.0353436 -0.0115496
-0.0344054 -0.0347775   0.998803 0.00956385
         0          0          0          1
  0.999195 -0.0176299  0.0360377  0.0113721
 0.0164156   0.999297  0.0337167 0.00285696
-0.0366067  -0.033098   0.998781  0.0129086
         0          0          0          1
  0.999242 -0.0214511  0.0324755  0.0196311
   0.02022   0.999082  0.0377725 0.00573458
 -0.033256 -0.0370873   0.998759  0.0128205
         0          0          0          1
   0.99904 -0.0241777  0.0365267 0.00930207
 0.0228849   0.999111   0.035406  0.0246221
-0.0373503 -0.0345362   0.998705 0.00754718
         0          0          0          1
  0.998904 -0.0350947  0.0309597   0.016281
 0.0333025    0.99784  0.0566202  0.0108153
-0.0328799 -0.0555271   0.997916  0.0118246
         0          0          0          1
  0.998961 -0.0299705  0.0343377 0.00806523
 0.0278587   0.997785  0.0604089 0.00534535
-0.0360721 -0.0593895   0.997583   0.015075
         0          0          0          1
  0.998833 -0.0369218  0.0311347 0.00970431
 0.0345492   0.996691  0.0735771  0.0128523
-0.0337483 -0.0724155   0.996803  0.0162034
         0          0          0          1
   0.99887 -0.0360073  0.0310092 0.00848792
 0.0334764   0.996345  0.0785911  0.0375437
-0.0337257 -0.0774642   0.996425  0.0178504
         0          0          0          1
  0.998696 -0.0373819  0.0347738  0.0074951
 0.0341479   0.995415  0.0893513   0.052674
-0.0379545 -0.0880474   0.995393  0.0169561
         0          0          0          1
  0.998715 -0.0393616  0.0319065  0.0233957
 0.0360151   0.994394  0.0994196  0.0676208
-0.0356409 -0.0981428   0.994534  0.0192979
         0          0          0          1
  0.998291 -0.0405782  0.0420473  0.0143218
 0.0356787    0.99314   0.111353  0.0795617
-0.0462773  -0.109662   0.992891  0.0196257
         0          0          0          1
  0.998411 -0.0433717  0.0359683  0.0365359
 0.0386084   0.991539   0.123934  0.0939687
-0.0410392  -0.122348   0.991638  0.0188755
         0          0          0          1
  0.997802 -0.0463135  0.0474024  0.0196012
 0.0388523   0.988263   0.147736   0.087035
-0.0536883  -0.145569    0.98789   0.020839
         0          0          0          1
  0.997812 -0.0510099  0.0420509  0.0339526
 0.0436121   0.985963   0.161165   0.104903
-0.0496816  -0.158978   0.986031  0.0247717
         0          0          0          1
  0.997086 -0.0618482  0.0446519  0.0385639
  0.053131   0.983086   0.175266   0.136394
-0.0547365  -0.172383   0.983508  0.0168445
         0          0          0          1
  0.997072 -0.0589464  0.0487173  0.0426008
 0.0497641   0.983851   0.171931   0.160245
-0.0580653  -0.169003   0.983904  0.0105912
         0          0          0          1
  0.996983 -0.0683361  0.0368214  0.0641401
 0.0601253   0.979843   0.190508   0.128872
-0.0490978  -0.187719   0.980995  0.0233077
         0          0          0          1
  0.996797 -0.0639872  0.0479742  0.0580498
 0.0540716   0.981207   0.185229   0.158057
-0.0589249  -0.182042   0.981524   0.020744
         0          0          0          1
  0.996388 -0.0662441  0.0531348  0.0679366
 0.0547387   0.979368    0.19453   0.158612
 -0.064925  -0.190919   0.979456   0.016679
         0          0          0          1
  0.996043 -0.0656296  0.0599271  0.0741117
  0.051886   0.976872   0.207436   0.151744
-0.0721551  -0.203506   0.976411  0.0112644
         0          0          0          1
   0.99598 -0.0623371  0.0643324  0.0824893
 0.0480332   0.977822   0.203854   0.175411
-0.0756133  -0.199945   0.976885 0.00397028
         0          0          0          1
  0.995803 -0.0597487  0.0693332  0.0914444
 0.0441195   0.977064   0.208326   0.176075
-0.0801902  -0.204393   0.975599 0.00111294
         0          0          0          1
   0.995122  -0.0557136   0.0814095   0.0841059
  0.0383069    0.978728    0.201554    0.190962
 -0.0909071   -0.197452    0.976088 -0.00811957
          0           0           0           1
  0.994437 -0.0559411   0.089253  0.0809084
 0.0369036   0.978646   0.202214   0.183826
-0.0986591  -0.197795   0.975266 -0.0143039
         0          0          0          1
  0.994235 -0.0550021  0.0920461  0.0839248
  0.035617    0.97908   0.200332   0.185178
 -0.101139  -0.195899   0.975395 -0.0263706
         0          0          0          1
  0.994213 -0.0535804  0.0931111   0.089956
 0.0344779   0.980035   0.195812   0.200255
 -0.101744  -0.191468   0.976211 -0.0371163
         0          0          0          1
  0.993217 -0.0603767  0.0993675  0.0821874
 0.0391113   0.978296   0.203489   0.193381
 -0.109497  -0.198223   0.974022 -0.0454841
         0          0          0          1
  0.992823 -0.0609364   0.102905  0.0770555
 0.0385142   0.977525    0.20727   0.184971
 -0.113223  -0.201819   0.972856 -0.0499723
         0          0          0          1
  0.992478 -0.0660651   0.103068  0.0805654
 0.0432664   0.976847   0.209517   0.182331
 -0.114523  -0.203482   0.972358 -0.0590768
         0          0          0          1
   0.99261 -0.0681921    0.10038  0.0906436
 0.0472932   0.979157   0.197521   0.196347
 -0.111757  -0.191314   0.975146 -0.0768829
         0          0          0          1
  0.992216 -0.0735625   0.100476  0.0955591
 0.0522563    0.97835   0.200251   0.180853
 -0.113031  -0.193442   0.974579 -0.0877449
         0          0          0          1
  0.991306 -0.0718693   0.110214  0.0851523
 0.0501863   0.980847   0.188205   0.206937
 -0.121629  -0.181037   0.975926  -0.100917
         0          0          0          1
  0.990482 -0.0791974   0.112572  0.0894593
 0.0563478   0.979514    0.19333   0.201205
 -0.125577  -0.185147   0.974654  -0.103738
         0          0          0          1
  0.989703 -0.0873051   0.113431  0.0977376
 0.0639917   0.978721    0.19496   0.196186
 -0.128039  -0.185694    0.97423  -0.114877
         0          0          0          1
  0.988817 -0.0900061   0.118911   0.101234
 0.0682477   0.982055   0.175815   0.226284
 -0.132602  -0.165733   0.977215  -0.122426
         0          0          0          1
  0.987841 -0.0980998   0.120608   0.112672
 0.0761529   0.981666   0.174733   0.222532
 -0.135538  -0.163424   0.977201  -0.140074
         0          0          0          1
 0.986448 -0.105678  0.125506  0.124548
0.0831874  0.981475  0.172586  0.219331
-0.141419 -0.159806  0.976966 -0.146562
        0         0         0         1
 0.985178 -0.115293  0.127009   0.14735
 0.091709  0.979747  0.178003  0.209421
-0.144959 -0.163717  0.975799 -0.149417
        0         0         0         1
  0.98545  -0.10205  0.135919  0.133487
0.0790402  0.983109  0.165073  0.230742
-0.150469 -0.151928  0.976871 -0.147015
        0         0         0         1
 0.981803 -0.110993  0.154089  0.123766
0.0845317  0.982025  0.168762  0.236855
 -0.17005 -0.152665  0.973538 -0.149256
        0         0         0         1
 0.979741 -0.114406  0.164372  0.141475
0.0885121  0.983618  0.157036  0.265967
-0.179645 -0.139306  0.973818 -0.159957
        0         0         0         1
 0.976093  -0.12713  0.176298   0.15493
0.0962832  0.980086  0.173667  0.243387
-0.194865  -0.15254  0.968896 -0.169185
        0         0         0         1
 0.973076 -0.133119  0.188158  0.166212
 0.101337  0.980309  0.169482  0.278217
-0.207014 -0.145852  0.967405 -0.179619
        0         0         0         1
 0.969986 -0.140799  0.198248  0.174086
 0.105349  0.978148  0.179243   0.27503
-0.219153 -0.152978  0.963623 -0.183632
        0         0         0         1
 0.967236 -0.144539  0.208718  0.177263
 0.109781  0.979398  0.169494  0.285257
-0.228916 -0.141028  0.963176 -0.192523
        0         0         0         1
 0.965058 -0.151539  0.213775  0.190143
   0.1173  0.979345  0.164695  0.284289
-0.234317 -0.133864    0.9629 -0.197339
        0         0         0         1
 0.963805 -0.155796  0.216348  0.205495
 0.122517  0.979551  0.159594  0.287632
-0.236788 -0.127311  0.963184 -0.208363
        0         0         0         1
 0.963354 -0.161789  0.213945   0.22969
 0.127723  0.978069  0.164522  0.275132
-0.235871 -0.131168  0.962891 -0.211386
        0         0         0         1
 0.963752 -0.158818  0.214378  0.243026
  0.12813  0.980313  0.150229  0.300281
-0.234017 -0.117315  0.965129   -0.2265
        0         0         0         1
 0.959163 -0.192479  0.207264  0.244247
 0.148487  0.966312  0.210222  0.186066
-0.240745 -0.170861  0.955431 -0.221885
        0         0         0         1
  0.95692 -0.195123  0.215014  0.241138
 0.150363   0.96652  0.207919   0.18288
-0.248385 -0.166632  0.954222  -0.22314
        0         0         0         1
  0.95833 -0.193089  0.210522  0.260532
 0.150009  0.967333  0.204363  0.173826
-0.243105 -0.164268   0.95599 -0.224964
        0         0         0         1
 0.959623 -0.180974  0.215344  0.258895
 0.143234   0.97325  0.179632  0.203569
-0.242092 -0.141534  0.959875 -0.238539
        0         0         0         1
 0.961301 -0.177588  0.210625  0.274335
 0.139211  0.972849  0.184892  0.172966
-0.237741 -0.148416  0.959923 -0.239904
        0         0         0         1
 0.963813 -0.164305  0.209923  0.283594
 0.130928  0.977713  0.164123  0.190699
-0.232211 -0.130699  0.963844  -0.24738
        0         0         0         1
 0.964882 -0.151247  0.214773  0.282242
 0.120169  0.981187    0.1511  0.195726
-0.233586 -0.119984  0.964905   -0.2535
        0         0         0         1
 0.965693 -0.144937  0.215478   0.28699
 0.113594  0.981926  0.151386  0.171109
-0.233525 -0.121715  0.964703 -0.256191
        0         0         0         1
 0.966321 -0.129766  0.222225  0.276061
 0.101717  0.985833  0.133366  0.176616
-0.236383  -0.10627  0.965831 -0.257288
        0         0         0         1
   0.96836  -0.123214    0.21702    0.29055
 0.0984416   0.987696   0.121515   0.171926
 -0.229323 -0.0963068   0.968574  -0.262246
         0          0          0          1
  0.970065  -0.122005   0.209971    0.30991
 0.0982481   0.987887   0.120114   0.156879
 -0.222082 -0.0958888   0.970301  -0.268145
         0          0          0          1
  0.970129  -0.114226   0.214014   0.298376
 0.0969176    0.99124  0.0897267   0.217824
 -0.222388 -0.0663047   0.972701  -0.272673
         0          0          0          1
   0.96983  -0.110917   0.217086   0.294504
 0.0940863   0.991806   0.086419   0.205957
 -0.224893 -0.0633869   0.972319  -0.276835
         0          0          0          1
  0.970117  -0.113814   0.214287   0.301161
 0.0970617   0.991454  0.0871715   0.179816
 -0.222377 -0.0637675   0.972873  -0.275618
         0          0          0          1
  0.972193  -0.109356   0.207079   0.307331
 0.0971974   0.992937  0.0680373   0.190315
 -0.213056 -0.0460179   0.975956   -0.28294
         0          0          0          1
  0.974003  -0.112282    0.19675    0.31688
  0.102464    0.99296  0.0594227   0.178808
 -0.202037 -0.0377181   0.978651   -0.28663
         0          0          0          1
  0.974903  -0.112978   0.191832   0.309911
  0.103567   0.992905  0.0584252   0.160012
 -0.197072 -0.0370914   0.979687  -0.291052
         0          0          0          1
  0.975542  -0.109215    0.19076    0.29259
  0.100761   0.993471  0.0534954   0.152499
 -0.195357 -0.0329658   0.980178   -0.29057
         0          0          0          1
  0.978495  -0.108631   0.175349   0.308403
   0.10219   0.993729  0.0453829   0.149032
 -0.179179 -0.0264881    0.98346  -0.293739
         0          0          0          1
  0.978554  -0.106418   0.176371   0.292289
  0.100281   0.994013  0.0433775    0.13624
 -0.179931 -0.0247606   0.983368   -0.28852
         0          0          0          1
    0.9781 -0.0991594   0.182998    0.26678
 0.0945573   0.994948  0.0337273   0.141282
 -0.185418 -0.0156849   0.982535  -0.290274
         0          0          0          1
  0.979694 -0.0944495   0.176858    0.27773
 0.0900992   0.995403  0.0324872   0.134333
 -0.179114 -0.0158928     0.9837  -0.294807
         0          0          0          1
  0.982422 -0.0795343    0.16888   0.291313
 0.0787069    0.99683  0.0115986   0.174145
 -0.169267  0.0018973   0.985568  -0.299626
         0          0          0          1
  0.982846 -0.0773386   0.167428   0.294171
 0.0765143   0.997004  0.0113784   0.171163
 -0.167806 0.00162741   0.985819  -0.292042
         0          0          0          1
  0.983085 -0.0798945   0.164802   0.293437
 0.0766161   0.996717  0.0261646   0.143177
 -0.166352 -0.0130955   0.985979  -0.297506
         0          0          0          1
  0.984697 -0.0773845    0.15615   0.293654
 0.0739579   0.996878  0.0276452   0.138754
 -0.157802 -0.0156736   0.987346   -0.30019
         0          0          0          1
  0.986321 -0.0702127   0.149133   0.280884
 0.0672991   0.997432  0.0245009    0.13105
  -0.15047 -0.0141292   0.988514  -0.304871
         0          0          0          1
  0.986824 -0.0653254   0.148023   0.260089
 0.0629396   0.997802    0.02075   0.125619
 -0.149053 -0.0111601   0.988766  -0.299212
         0          0          0          1
   0.987579  -0.0613622    0.144644    0.247676
  0.0601686    0.998108   0.0126167    0.125137
  -0.145144 -0.00375704    0.989403   -0.303683
          0           0           0           1
    0.988279   -0.0581323     0.141153     0.243045
    0.058834     0.998267 -0.000799527     0.131588
   -0.140862   0.00909477     0.989987    -0.305285
           0            0            0            1
  0.987469 -0.0531981   0.148575   0.219235
 0.0559239   0.998334  -0.014226   0.139973
 -0.147571  0.0223566   0.988799   -0.30557
         0          0          0          1
  0.986558 -0.0581803   0.152701   0.209102
 0.0613319   0.997989 -0.0160069    0.12304
 -0.151462  0.0251572   0.988143  -0.310016
         0          0          0          1
  0.985826 -0.0539814    0.15885   0.189626
 0.0596566   0.997732 -0.0311741   0.129724
 -0.156807  0.0402087    0.98681  -0.313983
         0          0          0          1
  0.984767 -0.0580879   0.163892   0.186001
 0.0617404   0.997943 -0.0172764   0.102017
 -0.162551   0.027132   0.986327  -0.306097
         0          0          0          1
  0.984661 -0.0627105   0.162817   0.182384
 0.0666099   0.997606 -0.0185968  0.0742904
 -0.161261  0.0291568   0.986481  -0.300816
         0          0          0          1
  0.983586 -0.0614484   0.169657    0.15378
 0.0685016      0.997 -0.0360318  0.0899025
 -0.166934  0.0470622   0.984844  -0.302061
         0          0          0          1
   0.98457  -0.061489   0.163833   0.145406
 0.0693546   0.996677 -0.0427248  0.0997649
 -0.160661  0.0534281   0.985563  -0.311805
         0          0          0          1
  0.985792 -0.0625263   0.155896   0.148669
 0.0705238   0.996435 -0.0463026   0.113011
 -0.152445  0.0566391   0.986688  -0.319636
         0          0          0          1
  0.982805 -0.0585642   0.175111  0.0945509
 0.0681822   0.996448 -0.0494184   0.125507
 -0.171595  0.0605082   0.983308  -0.315097
         0          0          0          1
  0.982956 -0.0715928   0.169326   0.094171
  0.075617   0.996985 -0.0174297  0.0742527
 -0.167567  0.0299365   0.985406   -0.31684
         0          0          0          1
   0.98426 -0.0749327   0.160056  0.0911999
 0.0797698   0.996524 -0.0240039  0.0911797
 -0.157701  0.0363937   0.986816  -0.318132
         0          0          0          1
  0.984545 -0.0795966   0.156001  0.0781917
 0.0856627   0.995793 -0.0325448  0.0915076
 -0.152755  0.0454053   0.987221   -0.32231
         0          0          0          1
  0.983918 -0.0752469   0.161995  0.0407644
 0.0834696   0.995514 -0.0445565  0.0953491
 -0.157916  0.0573616   0.985785   -0.32078
         0          0          0          1
  0.986093 -0.0773916   0.147078   0.056522
  0.085751   0.994992 -0.0513633  0.0860598
 -0.142366   0.063261    0.98779  -0.328595
         0          0          0          1
  0.985765 -0.0793827   0.148207  0.0515805
 0.0879871   0.994741 -0.0524228   0.086111
 -0.143266  0.0647168   0.987566  -0.333863
         0          0          0          1
  0.986785 -0.0746013   0.143843  0.0412392
 0.0851197    0.99402 -0.0684056  0.0905797
  -0.13788  0.0797455   0.987233  -0.340397
         0          0          0          1
  0.988364 -0.0667383   0.136685  0.0363107
 0.0792553   0.992938 -0.0882766   0.106531
 -0.129828  0.0980824   0.986673  -0.349391
         0          0          0          1
  0.988338 -0.0602672   0.139845  0.0129004
 0.0738847   0.992797 -0.0943183  0.0943818
 -0.133154   0.103551   0.985671   -0.34618
         0          0          0          1
  0.989065 -0.0592319   0.135066  0.0055854
 0.0722725   0.992966 -0.0937832  0.0630117
 -0.128561   0.102519   0.986388  -0.351823
         0          0          0          1
 0.991425 -0.050466  0.120537 0.0127922
0.0654975  0.990094 -0.124193 0.0944415
-0.113075  0.131023   0.98491 -0.364374
        0         0         0         1
  0.991433 -0.0514968   0.120039 -0.0107159
 0.0670373   0.989344  -0.129249  0.0645162
 -0.112104   0.136189    0.98432  -0.364286
         0          0          0          1
  0.992936 -0.0541956   0.105548 0.00152125
 0.0684132   0.988328  -0.136117  0.0393975
-0.0969395   0.142376   0.985054  -0.369693
         0          0          0          1
  0.993351 -0.0414221   0.107419 -0.0249724
 0.0585304   0.985157  -0.161367  0.0590867
-0.0991407   0.166581   0.981031  -0.373494
         0          0          0          1
  0.993702 -0.0339003   0.106805 -0.0371294
 0.0532576   0.981487  -0.183977  0.0715241
-0.0985905   0.188506   0.977111  -0.378666
         0          0          0          1
  0.994263 -0.0333197    0.10164 -0.0343066
 0.0525334   0.979855  -0.192675  0.0590001
 -0.093173   0.196909   0.975984   -0.38403
         0          0          0          1
  0.996177   -0.03253  0.0810789  0.0141787
 0.0475894   0.980363  -0.191372  0.0577561
-0.0732615   0.194499   0.978163   -0.37836
         0          0          0          1
  0.996532 -0.0306797  0.0773477  0.0154637
 0.0458265   0.978228  -0.202409  0.0527213
-0.0694539   0.205252   0.976242  -0.377628
         0          0          0          1
   0.996157  -0.0260041   0.0836367 -0.00779453
  0.0434793     0.97576    -0.21448   0.0487219
  -0.076032    0.217293    0.973141   -0.381835
          0           0           0           1
   0.996462  -0.0190736   0.0818465 -0.00912272
  0.0379189    0.971176    -0.23533   0.0703378
 -0.0749987    0.237601    0.968463   -0.372968
          0           0           0           1
    0.99696  -0.0186568   0.0756516 -0.00463482
   0.036391    0.970003   -0.240354   0.0551705
  -0.068898    0.242377    0.967733   -0.383797
          0           0           0           1
   0.997215  -0.0158258    0.072883 -0.00815842
  0.0335947    0.967789   -0.249511   0.0480615
 -0.0665866    0.251264    0.965625   -0.380947
          0           0           0           1
  0.996931 -0.0110236  0.0775109 -0.0312168
 0.0310607   0.964479  -0.262329  0.0538796
-0.0718658   0.263931   0.961861  -0.378772
         0          0          0          1
   0.997406 -0.00856828   0.0714655  -0.0270363
  0.0275809    0.962599   -0.269523   0.0485021
 -0.0664832    0.270795    0.960339   -0.384204
          0           0           0           1
   0.997961 -0.00921843   0.0631536  -0.0149717
  0.0258894    0.962917   -0.268552   0.0228609
 -0.0583361     0.26964    0.961193   -0.381373
          0           0           0           1
   0.998329  -0.0080503   0.0572171 -0.00710961
   0.023449    0.961483   -0.273862   0.0169599
 -0.0528086    0.274746    0.960066   -0.375475
          0           0           0           1
    0.99835 -0.00533311   0.0571712  -0.0179441
  0.0212481    0.959309   -0.281557   0.0144004
 -0.0533433    0.282308     0.95784   -0.373752
          0           0           0           1
  0.998934 -0.0155399  0.0434738  0.0259178
 0.0270968   0.959745  -0.279561 0.00922709
-0.0373795   0.280441   0.959143  -0.346871
         0          0          0          1
  0.999052 -0.0148035  0.0409418  0.0214566
 0.0258485   0.958414   -0.28421 -0.0119742
-0.0350319   0.284999   0.957888  -0.333466
         0          0          0          1
  0.999436 -0.0140317  0.0305097  0.0368615
 0.0224148   0.955254  -0.294935 -0.0168525
-0.0250061   0.295453    0.95503  -0.328439
         0          0          0          1
  0.999662 -0.0130599  0.0224999  0.0510384
 0.0192993   0.952242  -0.304735 -0.0258412
-0.0174455   0.305066   0.952171  -0.327025
         0          0          0          1
  0.999784 -0.0105534  0.0179045  0.0599837
 0.0157159   0.947618  -0.319019  -0.021695
-0.0135999   0.319231   0.947579  -0.322679
         0          0          0          1
  0.999677 -0.0104341  0.0231558  0.0473939
 0.0175041   0.943654   -0.33047 -0.0322006
-0.0184029   0.330769   0.943532   -0.31296
         0          0          0          1
  0.999664 -0.0104604  0.0236955  0.0541043
 0.0178674   0.940809  -0.338467 -0.0497535
-0.0187525   0.338777    0.94068  -0.305128
         0          0          0          1
   0.999697 -0.00945518   0.0227151   0.0685492
  0.0166909    0.938914   -0.343746  -0.0685385
 -0.0180774    0.344021    0.938788    -0.30628
          0           0           0           1
   0.999474 -0.00931682   0.0310748   0.0578877
  0.0197483    0.934681   -0.354939  -0.0634853
 -0.0257381    0.355366    0.934373   -0.306288
          0           0           0           1
   0.999675 -0.00921104   0.0237835   0.0848574
  0.0170794    0.934315    -0.35604  -0.0919774
 -0.0189418     0.35633    0.934168   -0.301317
          0           0           0           1
   0.999433 -0.00661504   0.0330289   0.0631179
  0.0177858    0.936335   -0.350658   -0.124573
 -0.0286065    0.351047    0.935921   -0.317423
          0           0           0           1
  0.999589 0.00742981  0.0276936  0.0698225
0.00382319   0.922683  -0.385539 -0.0349381
-0.0284169   0.385487   0.922276  -0.292099
         0          0          0          1
    0.999673    0.0101784    0.0234389    0.0808448
-1.00936e-05     0.917406    -0.397953   -0.0291076
  -0.0255535     0.397823     0.917106    -0.278654
           0            0            0            1
   0.999766   0.0144169   0.0161512    0.104017
-0.00672844    0.915992    -0.40114  -0.0460524
 -0.0205776    0.400938    0.915874   -0.274442
          0           0           0           1
   0.999807   0.0140723   0.0137124    0.113943
-0.00720844    0.911931    -0.41028  -0.0486003
 -0.0182784    0.410102    0.911857   -0.263374
          0           0           0           1
   0.999727   0.0135304   0.0190619    0.097953
-0.00443785    0.910482   -0.413525  -0.0611087
 -0.0229507    0.413328    0.910293   -0.260768
          0           0           0           1
   0.999858  0.00962413   0.0138074     0.10439
-0.00292988    0.907379   -0.420302  -0.0613661
 -0.0165736    0.420202    0.907279   -0.257915
          0           0           0           1
   0.999982  0.00591615 -0.00016123    0.123649
-0.00544494    0.908976   -0.416813  -0.0926894
-0.00231937    0.416806    0.908992   -0.265167
          0           0           0           1
    0.99997  0.00465393  0.00616732   0.0896615
-0.00160839    0.906132   -0.422992  -0.0917807
-0.00755698     0.42297    0.906112   -0.260907
          0           0           0           1
   0.999987  0.00390056 -0.00326598   0.0977796
-0.00490574    0.909335   -0.416035   -0.116363
  0.0013471    0.416046    0.909343   -0.265961
          0           0           0           1
   0.999979   0.0035647 -0.00533457   0.0927367
-0.00551567    0.902361   -0.430945  -0.0886092
 0.00327752    0.430965    0.902363   -0.252571
          0           0           0           1
   0.999985  0.00435546 -0.00327449    0.084565
-0.00534717    0.900014   -0.435828  -0.0996284
 0.00104886    0.435839    0.900024   -0.243851
          0           0           0           1
  0.999875 -0.0149015 0.00522325  0.0600767
 0.0157435   0.915286  -0.402498  -0.186106
0.00121707    0.40253   0.915406   -0.28552
         0          0          0          1
   0.999876  -0.0107801   0.0114816   0.0462005
    0.01457    0.909941   -0.414482   -0.173475
-0.00597947    0.414598    0.909985   -0.270975
          0           0           0           1
   0.999907 -0.00916943   0.0100645   0.0526617
  0.0124686    0.913613   -0.406393   -0.208374
-0.00546867    0.406481    0.913643   -0.278361
          0           0           0           1
   0.999888 -0.00885661   0.0120873   0.0483601
  0.0130509    0.911074   -0.412036   -0.202531
 -0.0073632    0.412148    0.911087   -0.277587
          0           0           0           1
  0.999935 -0.0104424 0.00461889  0.0606363
  0.011418    0.91121  -0.411784  -0.219457
 9.124e-05   0.411809    0.91127   -0.27898
         0          0          0          1
   0.999928  -0.0111594  0.00450574   0.0408217
  0.0120205    0.907916    -0.41898   -0.215689
0.000584717    0.419004    0.907984   -0.275662
          0           0           0           1
   0.999882  -0.0139685 -0.00638083   0.0384595
 0.00998472    0.907018   -0.420973   -0.224699
  0.0116679     0.42086    0.907051   -0.274739
          0           0           0           1
  0.999758 -0.0159783 -0.0151426   0.023975
0.00796849   0.903895  -0.427679  -0.213628
 0.0205209   0.427455   0.903804  -0.272797
         0          0          0          1
  0.999308 -0.0175303 -0.0328187  0.0229247
0.00213142   0.907574  -0.419886  -0.239742
 0.0371461   0.419525   0.906983  -0.274559
         0          0          0          1
  0.998814  -0.020771 -0.0440456 0.00420992
0.00011735   0.905497  -0.424352  -0.222888
 0.0486974   0.423843   0.904425  -0.270529
         0          0          0          1
    0.99781  -0.0212497  -0.0626385 -0.00600692
-0.00640931    0.911473   -0.411309   -0.247246
  0.0658336     0.41081    0.909341   -0.273963
          0           0           0           1
   0.998767  -0.0165603  -0.0468003  -0.0355416
-0.00362845    0.915848   -0.401508   -0.270088
  0.0495111    0.401182    0.914659   -0.276401
          0           0           0           1
   0.997675  -0.0238713  -0.0638407  -0.0577007
-0.00353856    0.917257   -0.398279   -0.272804
  0.0680657    0.397579     0.91504   -0.270851
          0           0           0           1
  0.997237 -0.0155954 -0.0726284 -0.0877327
-0.0152016   0.914177  -0.405029  -0.241159
 0.0727118   0.405015   0.911414  -0.253908
         0          0          0          1
   0.997441 -0.00987039  -0.0708038   -0.130021
 -0.0192138    0.916966   -0.398502    -0.23883
  0.0688581    0.398843     0.91443   -0.257273
          0           0           0           1
   0.997548 -0.00502649  -0.0698023   -0.151988
 -0.0229564    0.918726   -0.394228   -0.238077
  0.0661107    0.394864    0.916358   -0.248859
          0           0           0           1
   0.997491 -0.00152652  -0.0707711   -0.162977
  -0.026198    0.920818   -0.389112    -0.22595
  0.0657613     0.38999    0.918468   -0.246918
          0           0           0           1
   0.996881 -0.00230991  -0.0788885   -0.151843
 -0.0280714    0.923828   -0.381776   -0.224652
  0.0737614      0.3828    0.920882   -0.231677
          0           0           0           1
   0.997626 -0.00474293  -0.0686967   -0.189643
 -0.0217915    0.924608   -0.380297   -0.205062
  0.0653212    0.380891     0.92231   -0.229162
          0           0           0           1
   0.997374 -0.00511957  -0.0722391   -0.188981
 -0.0222142    0.927785   -0.372454   -0.200646
  0.0689291    0.373081    0.925235   -0.228235
          0           0           0           1
   0.997659 -0.00756739  -0.0679686     -0.2039
 -0.0178763    0.930449   -0.365985   -0.186152
  0.0660109    0.366343    0.928135   -0.212103
          0           0           0           1
  0.997591 -0.0111668 -0.0684659  -0.198803
 -0.013985   0.934321  -0.356158  -0.175948
 0.0679463   0.356257   0.931914  -0.196855
         0          0          0          1
   0.99609  0.0120071 -0.0875284  -0.149589
-0.0440831   0.926127  -0.374628  -0.110024
 0.0765642   0.377022   0.923034  -0.180967
         0          0          0          1
  0.997174   0.010134 -0.0744359   -0.17672
-0.0363047   0.932477  -0.359402  -0.107458
 0.0657676   0.361088    0.93021   -0.17775
         0          0          0          1
  0.998339  0.0110936 -0.0565324  -0.219923
-0.0299256   0.938371  -0.344332 -0.0989573
 0.0492284   0.345452   0.937144  -0.165572
         0          0          0          1
   0.99812  0.0132667 -0.0598435  -0.212899
-0.0321822   0.944334  -0.327411 -0.0804771
 0.0521685   0.328721   0.942985   -0.16249
         0          0          0          1
  0.998028  0.0193638 -0.0597112  -0.223298
-0.0371237   0.949126  -0.312702 -0.0572153
 0.0506183   0.314302   0.947973  -0.146157
         0          0          0          1
  0.998105  0.0290264 -0.0542585  -0.252511
-0.0438813   0.953896  -0.296911 -0.0425542
 0.0431388   0.298729   0.953362  -0.140618
         0          0          0          1
  0.997108  0.0374562 -0.0661237  -0.244615
-0.0554635   0.953501  -0.296242 0.00813067
 0.0519529   0.299053   0.952821  -0.126662
         0          0          0          1
  0.996502  0.0464348 -0.0694826  -0.258143
-0.0640234   0.958559  -0.277608  0.0180954
 0.0537124   0.281086   0.958178  -0.118874
         0          0          0          1
   0.99555  0.0534166 -0.0776385  -0.252034
-0.0713005   0.965643    -0.2499 0.00648244
 0.0616222   0.254323   0.965154  -0.114469
         0          0          0          1
  0.995512  0.0621186 -0.0713995  -0.276382
-0.0780399   0.965611  -0.248002  0.0577698
 0.0535386   0.252461   0.966125  -0.101991
         0          0          0          1
  0.995482  0.0626605 -0.0713403  -0.274138
 -0.076355   0.974892  -0.209177  0.0195696
 0.0564419   0.213679   0.975272  -0.105405
         0          0          0          1
   0.99605  0.0489703 -0.0740758  -0.286013
-0.0637132   0.975183  -0.212033  0.0463014
 0.0618541   0.215915   0.974451   -0.12594
         0          0          0          1
  0.996604  0.0531268  -0.062908  -0.317155
-0.0643556   0.979161  -0.192621  0.0503507
 0.0513637   0.196016   0.979255   -0.11498
         0          0          0          1
  0.995826  0.0556349 -0.0723506  -0.299331
 -0.068335   0.979983  -0.186986  0.0842487
 0.0604994    0.19115   0.979695   -0.10649
         0          0          0          1
  0.995743  0.0618923 -0.0682989  -0.321016
-0.0731437   0.981499  -0.176944   0.103551
 0.0560838   0.181187   0.981848   -0.10356
         0          0          0          1
   0.99521   0.063293 -0.0745065  -0.316591
-0.0742153    0.98522  -0.154379  0.0892417
 0.0636342   0.159169   0.985198  -0.102384
         0          0          0          1
   0.99407  0.0671005 -0.0855734  -0.299973
  -0.07902   0.986341  -0.144524  0.0982427
 0.0747069   0.150429   0.985794 -0.0919444
         0          0          0          1
  0.994134  0.0708595 -0.0817052  -0.320189
-0.0812716     0.9879  -0.132094  0.0936017
 0.0713565    0.13796   0.987864 -0.0910955
         0          0          0          1
  0.994081  0.0749988 -0.0785988  -0.339241
-0.0847088   0.988081  -0.128533   0.101476
 0.0680222    0.13443   0.988586 -0.0856615
         0          0          0          1
  0.993017  0.0741192 -0.0917796  -0.315513
-0.0852426   0.988627  -0.123896   0.108365
 0.0815527   0.130854   0.988042  -0.088303
         0          0          0          1
  0.992895  0.0765472 -0.0911041  -0.325824
-0.0873107    0.98884  -0.120713   0.115972
 0.0808472   0.127809   0.988498 -0.0809512
         0          0          0          1
  0.992747  0.0781577 -0.0913446  -0.335415
-0.0885275   0.989341  -0.115614   0.114074
 0.0813348   0.122862   0.989085 -0.0858488
         0          0          0          1
  0.993698  0.0635821 -0.0923159  -0.334062
-0.0717125   0.993571 -0.0876031  0.0477375
 0.0861524  0.0936712   0.991869 -0.0921018
         0          0          0          1
  0.992914  0.0630742   -0.10071  -0.324042
-0.0719756   0.993574 -0.0873469  0.0559813
 0.0945535  0.0939766   0.991074 -0.0920107
         0          0          0          1
  0.991665  0.0654012   -0.11101  -0.317128
-0.0740016   0.994418 -0.0752061  0.0440498
  0.105471  0.0827941    0.99097 -0.0933783
         0          0          0          1
  0.991864     0.0684  -0.107362  -0.328802
-0.0774528   0.993573 -0.0825461   0.064998
  0.101026    0.09019   0.990787 -0.0933372
         0          0          0          1
  0.991335  0.0689229  -0.111826  -0.319018
 -0.077313   0.994367 -0.0725097  0.0551185
  0.106199   0.080527   0.991079 -0.0925306
         0          0          0          1
  0.991178  0.0712114  -0.111779  -0.321093
-0.0793777   0.994356 -0.0703886  0.0683449
  0.106136  0.0786404   0.991237 -0.0893179
         0          0          0          1
  0.990525  0.0714462  -0.117288  -0.315193
-0.0777276   0.995726 -0.0498798  0.0449961
  0.113223  0.0585237   0.991845 -0.0882637
         0          0          0          1
  0.990336  0.0743799  -0.117054  -0.325149
-0.0807365   0.995454 -0.0505287  0.0609142
  0.112763  0.0594909   0.991839 -0.0880107
         0          0          0          1
  0.990343  0.0745792  -0.116871  -0.338681
-0.0820655   0.994783 -0.0606045  0.0925055
  0.111741  0.0696103   0.991296 -0.0916455
         0          0          0          1
  0.988314  0.0756412  -0.132341  -0.318685
-0.0828356   0.995322 -0.0497216  0.0792578
  0.127961  0.0601031   0.989956 -0.0820999
         0          0          0          1
  0.987944  0.0790155  -0.133131  -0.331977
-0.0844321   0.995795 -0.0355355  0.0580665
  0.129763  0.0463476   0.990461 -0.0841818
         0          0          0          1
   0.98898  0.0710202    -0.1299  -0.341389
-0.0749972   0.996845 -0.0259783  0.0342971
  0.127645  0.0354342   0.991187  -0.073094
         0          0          0          1
  0.987896  0.0736998  -0.136491  -0.337946
-0.0771512   0.996815 -0.0201641  0.0295016
   0.13457  0.0304505   0.990436 -0.0746404
         0          0          0          1
  0.986903  0.0741395  -0.143268  -0.337997
 -0.077233   0.996882 -0.0161452  0.0326978
  0.141624  0.0269988   0.989552 -0.0766284
         0          0          0          1
   0.985396   0.0744818   -0.153127   -0.336018
 -0.0752285    0.997166 0.000919961  0.00708626
   0.152761    0.010613    0.988206  -0.0735009
          0           0           0           1
   0.984619   0.0730418   -0.158717   -0.344584
  -0.074756     0.99719 -0.00484923   0.0331992
   0.157917   0.0166397    0.987312  -0.0756983
          0           0           0           1
  0.982567  0.0733903  -0.170808  -0.333159
-0.0740357   0.997252 0.00259676  0.0329655
  0.170529  0.0100944   0.985301 -0.0705352
         0          0          0          1
  0.981317  0.0746005  -0.177347  -0.330434
-0.0749942   0.997174 0.00449186  0.0551761
  0.177181 0.00889205   0.984138 -0.0668593
         0          0          0          1
   0.979909   0.0759887   -0.184401    -0.32799
 -0.0738323    0.997098   0.0185428   0.0501972
   0.185274 -0.00455552    0.982676  -0.0605022
          0           0           0           1
  0.976662  0.0811313  -0.198871   -0.30893
-0.0758931   0.996542  0.0338349  0.0305605
  0.200929 -0.0179523   0.979441 -0.0600446
         0          0          0          1
  0.975649  0.0829336  -0.203055  -0.311046
 -0.077727   0.996412  0.0334972  0.0442258
  0.205104 -0.0168987   0.978594 -0.0570517
         0          0          0          1
  0.973928   0.087211  -0.209424  -0.305736
-0.0816663   0.996045  0.0349958  0.0571337
  0.211648 -0.0169804   0.977198 -0.0581349
         0          0          0          1
  0.971174  0.0937955  -0.219145  -0.286525
-0.0881589   0.995478  0.0353816  0.0597903
  0.221472 -0.0150421   0.975051 -0.0691002
         0          0          0          1
   0.969086    0.095841   -0.227347   -0.278887
 -0.0910461    0.995348   0.0315098   0.0782245
    0.22931 -0.00983658    0.973304  -0.0618387
          0           0           0           1
  0.965757   0.101008   -0.23898   -0.26149
-0.0937802    0.99473  0.0414538   0.058966
  0.241908 -0.0176227   0.970139 -0.0582668
         0          0          0          1
   0.96088   0.106167  -0.255807  -0.231145
-0.0963598   0.994059  0.0506089  0.0464385
  0.259661 -0.0239795   0.965402 -0.0515555
         0          0          0          1
  0.958869   0.112944  -0.260412  -0.222422
 -0.103362   0.993374  0.0502473  0.0601699
  0.264361  -0.021264   0.964189 -0.0421111
         0          0          0          1
  0.958243   0.119172   -0.25994  -0.214745
 -0.111974   0.992807  0.0423809  0.0968241
  0.263121 -0.0115046   0.964694 -0.0397049
         0          0          0          1
  0.956575   0.128152  -0.261803  -0.189254
 -0.115485   0.991292   0.063275  0.0692659
  0.267632  -0.030293   0.963045 -0.0406418
         0          0          0          1
   0.95642   0.137708  -0.257481  -0.182415
 -0.122314   0.989657  0.0749561  0.0534297
   0.26514 -0.0401959   0.963372 -0.0258688
         0          0          0          1
  0.956537   0.139384  -0.256144   -0.16953
 -0.124467   0.989487  0.0736378  0.0497247
  0.263715 -0.0385559    0.96383 -0.0216066
         0          0          0          1
  0.957901   0.140399  -0.250427  -0.173566
 -0.127024   0.989505  0.0688821  0.0508003
  0.257469 -0.0341722   0.965682 -0.0247312
         0          0          0          1
  0.957895   0.140427  -0.250433  -0.171524
 -0.128407   0.989668  0.0637905  0.0562317
  0.256804 -0.0289473    0.96603 -0.0249032
         0          0          0          1
  0.957783   0.139667  -0.251287  -0.167866
 -0.131044   0.990073  0.0508169  0.0855673
   0.25589  -0.015742   0.966578 -0.0327304
         0          0          0          1
  0.953702   0.134961  -0.268772  -0.134327
 -0.125598   0.990727  0.0518177  0.0785486
  0.273273 -0.0156615   0.961809 -0.0262168
         0          0          0          1
   0.953937    0.130212   -0.270277   -0.143319
  -0.122828    0.991446   0.0441321   0.0855452
   0.273712 -0.00890154    0.961771  -0.0327701
          0           0           0           1
  0.952639   0.127123   -0.27626  -0.143067
 -0.118782   0.991817  0.0467885  0.0745152
  0.279948 -0.0117577   0.959943 -0.0285557
         0          0          0          1
   0.952171    0.124446   -0.279074   -0.146895
  -0.116767    0.992182   0.0440432   0.0776302
   0.282374 -0.00935004    0.959259  -0.0332885
          0           0           0           1
   0.952491    0.122129   -0.279007   -0.151522
