1 0 0 0
0 1 0 0
0 0 1 0
0 0 0 1
    0.999993  -0.00230862  -0.00290581 -0.000218958
  0.00233027     0.999969   0.00746782  0.000200271
  0.00288848  -0.00747454     0.999968    0.0106941
           0            0            0            1
    0.999998  0.000210567   0.00195264 -0.000555848
-0.000267101     0.999579    0.0289974   -0.0161177
 -0.00194572   -0.0289978     0.999578    0.0276485
           0            0            0            1
   0.999947 -0.00160661   0.0102162  -0.0094474
 0.00120185    0.999219   0.0395027  -0.0287397
 -0.0102717  -0.0394883    0.999167   0.0406311
          0           0           0           1
   0.999879 -0.00415173   0.0149771  -0.0201552
  0.0035906    0.999298   0.0373002  -0.0225068
 -0.0151215  -0.0372419    0.999192   0.0429354
          0           0           0           1
  0.999917  -0.001822  0.0127694 -0.0159859
0.00125944   0.999034  0.0439259 -0.0410015
-0.0128371 -0.0439061   0.998953  0.0503758
         0          0          0          1
    0.999906 -0.000494522    0.0136708   -0.0129035
  7.0144e-05     0.999519    0.0310257   -0.0142143
  -0.0136796   -0.0310218     0.999425    0.0530629
           0            0            0            1
    0.999791 -0.000147206    0.0204469   -0.0181472
 -0.00068676     0.999168    0.0407739   -0.0301931
  -0.0204359   -0.0407795     0.998959    0.0584611
           0            0            0            1
   0.999674 0.000740457   0.0255234  -0.0225198
-0.00169016    0.999306   0.0372079  -0.0274492
 -0.0254781  -0.0372389    0.998982   0.0690926
          0           0           0           1
   0.999684 -0.00253244   0.0249967  -0.0149699
 0.00170027    0.999445   0.0332565  -0.0334746
 -0.0250671  -0.0332035    0.999134   0.0675706
          0           0           0           1
    0.999524 -7.68911e-05    0.0308507   -0.0284953
  -0.0011443     0.999216    0.0395643   -0.0481174
  -0.0308296   -0.0395807     0.998741    0.0734545
           0            0            0            1
  0.998257 0.00759211   0.058525 -0.0937933
-0.0103832   0.998816  0.0475347 -0.0707219
-0.0580948 -0.0480595   0.997154  0.0667935
         0          0          0          1
  0.997466 0.00932236  0.0705358  -0.119386
-0.0134335   0.998224  0.0580361 -0.0911522
-0.0698695 -0.0588366    0.99582  0.0713148
         0          0          0          1
  0.997699  0.0119054   0.066739   -0.10631
-0.0155263    0.99842  0.0540015 -0.0857549
-0.0659907 -0.0549134   0.996308  0.0750232
         0          0          0          1
  0.997788 0.00806692  0.0659923 -0.0967056
 -0.011281   0.998761  0.0484772 -0.0779726
-0.0655195 -0.0491144   0.996642  0.0762639
         0          0          0          1
  0.996826  0.0126233  0.0786058  -0.127766
-0.0165452    0.99864   0.049443 -0.0844661
-0.0778748 -0.0505866   0.995679  0.0826796
         0          0          0          1
  0.998068  0.0106686  0.0612001 -0.0938684
-0.0135816   0.998785  0.0473818 -0.0847466
-0.0606202 -0.0481215      0.997  0.0869844
         0          0          0          1
   0.99833  0.0129735   0.056301 -0.0890365
-0.0151648   0.999137  0.0386703 -0.0673829
-0.0557507 -0.0394595   0.997665  0.0850522
         0          0          0          1
  0.998133  0.0152829  0.0591282 -0.0966559
-0.0177475   0.998986  0.0413834 -0.0722877
-0.0584358 -0.0423555   0.997392  0.0886261
         0          0          0          1
  0.998251  0.0142266  0.0573738 -0.0919911
 -0.016263   0.999248  0.0351852 -0.0602371
-0.0568301 -0.0360567   0.997733   0.090732
         0          0          0          1
  0.997367  0.0215555  0.0692467  -0.118624
-0.0244284   0.998864  0.0409118  -0.078633
-0.0682861 -0.0424957    0.99676   0.089737
         0          0          0          1
  0.997027  0.0253033   0.072782  -0.122796
 -0.028505   0.998656  0.0432938 -0.0786855
-0.0715887 -0.0452397   0.996408  0.0919744
         0          0          0          1
  0.995629  0.0251037   0.089954  -0.162215
-0.0280934   0.999089  0.0321244 -0.0531397
-0.0890656 -0.0345111   0.995428  0.0916137
         0          0          0          1
  0.994899  0.0295947  0.0964337  -0.175479
-0.0334919   0.998676  0.0390486 -0.0544991
-0.0951503 -0.0420792   0.994573  0.0909505
         0          0          0          1
   0.99559  0.0261154  0.0901078  -0.163137
-0.0302245    0.99855  0.0445425 -0.0522939
-0.0888139 -0.0470695   0.994935  0.0965108
         0          0          0          1
  0.995574  0.0270859  0.0899901  -0.171818
-0.0311786   0.998528  0.0443888 -0.0508793
-0.0886553 -0.0469981   0.994953  0.0985013
         0          0          0          1
  0.996474  0.0276367  0.0792196  -0.158598
-0.0307342   0.998799  0.0381511 -0.0398119
-0.0780701 -0.0404513   0.996127  0.0931395
         0          0          0          1
   0.99579  0.0295129  0.0867876  -0.187849
-0.0331646   0.998611  0.0409392 -0.0393416
-0.0854589 -0.0436451   0.995385  0.0964186
         0          0          0          1
  0.996259  0.0322422  0.0801813  -0.183295
-0.0360505   0.998267  0.0465101 -0.0438426
-0.0785427 -0.0492267   0.995695   0.102483
         0          0          0          1
  0.996144  0.0343066  0.0807491  -0.190807
-0.0390398   0.997565   0.057786 -0.0600251
  -0.07857 -0.0607156   0.995058   0.103786
         0          0          0          1
  0.996246  0.0340351  0.0796008  -0.189466
-0.0382018   0.997946  0.0514213 -0.0429912
-0.0776872 -0.0542692     0.9955   0.105137
         0          0          0          1
  0.994978  0.0393294   0.092041  -0.213552
-0.0435444   0.998071  0.0442428 -0.0304457
-0.0901234 -0.0480285   0.994772   0.102174
         0          0          0          1
  0.996057   0.038306  0.0800147  -0.181209
-0.0424468   0.997811  0.0507073 -0.0402536
-0.0778971 -0.0539038   0.995503   0.108258
         0          0          0          1
   0.99749  0.0360934  0.0609189  -0.133554
-0.0390398   0.998089  0.0478891 -0.0354148
-0.0590741 -0.0501472   0.996993   0.100665
         0          0          0          1
  0.997143  0.0370025  0.0658514  -0.141899
-0.0402418   0.998009  0.0485644 -0.0303805
-0.0639233 -0.0510756   0.996647   0.101026
         0          0          0          1
  0.997098  0.0394763  0.0650972  -0.140388
-0.0432484   0.997403  0.0575923  -0.037342
-0.0626546 -0.0602405   0.996216   0.108327
         0          0          0          1
  0.996504  0.0405429  0.0730508  -0.156813
 -0.045556   0.996623  0.0683195 -0.0456034
-0.0700342 -0.0714085   0.994985   0.106383
         0          0          0          1
  0.996735  0.0395665  0.0703806  -0.150675
-0.0441825   0.996888  0.0652867 -0.0318886
-0.0675784 -0.0681832   0.995381   0.109968
         0          0          0          1
  0.996528  0.0421532  0.0717957  -0.153562
-0.0471257     0.9965  0.0690359 -0.0425555
-0.0686344 -0.0721796   0.995027   0.110529
         0          0          0          1
  0.996695  0.0460787  0.0668972  -0.145395
-0.0508531   0.996142  0.0715142 -0.0421338
-0.0633439 -0.0746798   0.995194   0.108215
         0          0          0          1
  0.996362  0.0468809  0.0711626  -0.162219
-0.0518498   0.996222  0.0696622 -0.0217465
 -0.067628 -0.0730986   0.995029   0.108052
         0          0          0          1
  0.996624  0.0500234  0.0651089  -0.160468
 -0.054612      0.996  0.0707169 -0.0114206
 -0.061311 -0.0740339   0.995369   0.112057
         0          0          0          1
  0.996526  0.0520927  0.0649768  -0.174335
-0.0574613   0.994833  0.0836942 -0.0249469
-0.0602812 -0.0871371   0.994371   0.112606
         0          0          0          1
  0.996405  0.0559262   0.063632    -0.1859
-0.0612421   0.994505  0.0849111 -0.0113476
-0.0585336 -0.0885028   0.994355   0.107287
         0          0          0          1
   0.996782   0.0570072   0.0563544    -0.17152
 -0.0615663    0.994664   0.0827822 -0.00606151
 -0.0513345  -0.0859853    0.994973    0.110149
          0           0           0           1
   0.997178   0.0559474     0.05006   -0.170803
 -0.0603297     0.99404   0.0908007 -0.00720088
 -0.0446816  -0.0935645     0.99461    0.114117
          0           0           0           1
  0.997262  0.0574961  0.0464983   -0.18403
-0.0620593   0.992689   0.103523 -0.0146386
-0.0402062  -0.106125    0.99354    0.12286
         0          0          0          1
   0.997836   0.0589072   0.0291985   -0.167151
 -0.0617968    0.991936    0.110654 -0.00709656
 -0.0224448   -0.112219     0.99343    0.117993
          0           0           0           1
  0.997726   0.064181   0.020595   -0.17164
-0.0660882   0.991548   0.111646  0.0223609
-0.0132554  -0.112753   0.993535   0.116479
         0          0          0          1
   0.997611   0.0668062    0.017577   -0.188772
 -0.0686833    0.986463    0.148908  -0.0204097
-0.00739112    -0.14976    0.988695    0.122265
          0           0           0           1
    0.997504    0.0694849    0.0125844     -0.20353
  -0.0706106     0.983517     0.166461   -0.0163507
-0.000810443    -0.166934     0.985968     0.122786
           0            0            0            1
   0.997262   0.0739447  0.00101171   -0.205528
 -0.0729551    0.981493    0.177057 0.000921172
  0.0120994   -0.176646      0.9842    0.122239
          0           0           0           1
   0.996966    0.077335 -0.00889146   -0.215197
 -0.0741875    0.978509    0.192395  0.00287002
  0.0235792   -0.191152    0.981277    0.121408
          0           0           0           1
   0.996678   0.0790096  -0.0197569   -0.221658
 -0.0731353     0.97502     0.20973 -0.00081287
   0.035834   -0.207588     0.97756    0.123877
          0           0           0           1
  0.996013  0.0850849 -0.0267925  -0.237006
-0.0771671    0.97251   0.219705 0.00746747
 0.0447496  -0.216762   0.975198   0.121097
         0          0          0          1
  0.995929  0.0814639 -0.0385939  -0.211086
-0.0704671   0.970574    0.23026 -0.0140964
 0.0562162  -0.226603   0.972363   0.134029
         0          0          0          1
  0.994957  0.0851316 -0.0530349  -0.207175
-0.0710408   0.971406   0.226546  0.0262585
 0.0708047  -0.221636   0.972556   0.130274
         0          0          0          1
  0.993437  0.0963583 -0.0616304  -0.210946
-0.0786816   0.966769   0.243241  0.0204105
 0.0830206  -0.236795   0.968006   0.132547
         0          0          0          1
  0.992308   0.100434  -0.072372  -0.202617
-0.0799697   0.966334   0.244548  0.0455424
 0.0944965  -0.236879   0.966933   0.129306
         0          0          0          1
  0.991168   0.104401 -0.0817702  -0.195621
-0.0809172    0.96465   0.250803  0.0490085
  0.105064  -0.241971   0.964578   0.135572
         0          0          0          1
  0.989934   0.116278 -0.0806808  -0.206191
-0.0915817   0.960927   0.261213  0.0328618
  0.107902  -0.251194   0.961904   0.141631
         0          0          0          1
  0.989599   0.116789  -0.083986  -0.206229
-0.0922182   0.963136   0.252715  0.0535646
  0.110404  -0.242342   0.963889   0.132906
         0          0          0          1
  0.989323   0.121892 -0.0798849  -0.216704
-0.0973516   0.960645   0.260163  0.0310353
  0.108453  -0.249608   0.962254   0.137843
         0          0          0          1
  0.989397   0.126641 -0.0711012  -0.231196
 -0.104531   0.960809   0.256748  0.0249414
  0.100829  -0.246594   0.963859   0.141249
         0          0          0          1
  0.989728   0.127328 -0.0650158  -0.236337
 -0.107809   0.963376   0.245527  0.0351405
 0.0938971  -0.235996   0.967207   0.134353
         0          0          0          1
  0.991432   0.118469 -0.0550183  -0.245227
  -0.10239   0.966389   0.235815  0.0408393
 0.0811058  -0.228162   0.970239    0.13769
         0          0          0          1
  0.991019   0.126879 -0.0422165  -0.275739
 -0.112982    0.96338   0.243176  0.0242801
 0.0715245  -0.236222   0.969063   0.137634
         0          0          0          1
  0.992153   0.118237 -0.0406533  -0.270778
 -0.105727   0.966951   0.232006   0.030157
 0.0667414  -0.225887   0.971865   0.140319
         0          0          0          1
  0.992208   0.117702 -0.0408582  -0.264153
 -0.105548   0.968319   0.226315  0.0315818
 0.0662014  -0.220239   0.973197   0.141302
         0          0          0          1
  0.992661   0.116216 -0.0334349  -0.270241
 -0.105536   0.967525   0.229689  0.0236769
 0.0590426  -0.224475    0.97269   0.143587
         0          0          0          1
   0.99307   0.116688 -0.0140132   -0.30157
 -0.110566   0.968015   0.225216  0.0379658
 0.0398449  -0.222106   0.974208   0.138517
         0          0          0          1
  0.993287   0.115139 -0.0111697  -0.300818
  -0.10971   0.968248    0.22463  0.0341943
 0.0366786  -0.221897    0.97438   0.138033
         0          0          0          1
 0.993087  0.116322 -0.015737   -0.2868
-0.109697  0.967403  0.228249 0.0209674
0.0417743 -0.224944  0.973476  0.147438
        0         0         0         1
   0.993341    0.115178 -0.00267624   -0.310097
  -0.111814    0.969412    0.218492    0.050311
  0.0277598   -0.216738    0.975835    0.139868
          0           0           0           1
  0.992611   0.121016 0.00885487  -0.338783
  -0.11974   0.965101   0.232899  0.0397186
 0.0196388  -0.232239   0.972461    0.14533
         0          0          0          1
  0.99254  0.121423 -0.010945 -0.305196
-0.115421  0.964785  0.236365  0.050484
0.0392598 -0.233339  0.971603  0.152994
        0         0         0         1
   0.992137    0.124887 -0.00821126    -0.31695
  -0.119222    0.963021    0.241614   0.0644973
   0.038082   -0.238735    0.970338    0.153991
          0           0           0           1
    0.99288    0.118772 -0.00910897   -0.313546
  -0.111756    0.955238    0.273917 -0.00906625
  0.0412349   -0.270949     0.96171     0.16853
          0           0           0           1
    0.992979     0.118293 -0.000172537    -0.331503
   -0.113497      0.95313     0.280468    0.0118787
   0.0333418    -0.278479     0.959863     0.164124
           0            0            0            1
   0.992413     0.12265 -0.00853529   -0.312209
  -0.114817    0.949379    0.292398   0.0167694
  0.0439659     -0.2892    0.956259    0.165384
          0           0           0           1
   0.991788    0.127572 -0.00909757    -0.31505
  -0.118871    0.945713    0.302484   0.0246088
  0.0471922   -0.298918    0.953111    0.166512
          0           0           0           1
    0.9912   0.132314 -0.0039123  -0.329832
 -0.124471   0.941685   0.312627  0.0317756
 0.0450491  -0.309389   0.949868   0.164507
         0          0          0          1
  0.990207   0.139078 -0.0121643  -0.319486
 -0.127488   0.936308   0.327223  0.0242363
 0.0568991  -0.322468   0.944869   0.174053
         0          0          0          1
   0.989692    0.142917 -0.00920363   -0.335586
  -0.131801    0.934082    0.331841   0.0282254
  0.0560227   -0.327208     0.94329      0.1656
          0           0           0           1
   0.988785    0.149293 -0.00405164    -0.35746
  -0.138946    0.929523    0.341587   0.0195591
  0.0547626   -0.337193    0.939841    0.175161
          0           0           0           1
   0.987964    0.154526 -0.00700004   -0.361249
  -0.143132    0.930398    0.337449   0.0315726
  0.0586577   -0.332386    0.941318     0.17039
          0           0           0           1
  0.988034   0.153601 -0.0140172  -0.357186
 -0.139893   0.930704   0.337966  0.0226893
 0.0649576   -0.33196   0.941054     0.1752
         0          0          0          1
  0.987401   0.157457 -0.0157316  -0.361946
 -0.143039    0.93064   0.336822  0.0106681
 0.0676756  -0.330328   0.941437   0.181138
         0          0          0          1
  0.987062   0.157129 -0.0319158  -0.324824
 -0.138158   0.934514   0.328018  0.0325983
 0.0813669  -0.319364   0.944132   0.177169
         0          0          0          1
  0.987091   0.158043 -0.0259406  -0.341043
 -0.141486   0.936396   0.321162   0.034698
 0.0750479  -0.313346   0.946669   0.175707
         0          0          0          1
   0.98656    0.16127 -0.0262793  -0.342334
 -0.144477   0.936094   0.320708  0.0218676
 0.0763203  -0.312601   0.946814   0.180249
         0          0          0          1
  0.987012   0.157239 -0.0329226  -0.332586
 -0.139399   0.940138   0.310979  0.0221179
 0.0798498   -0.30235   0.949847   0.180261
         0          0          0          1
  0.987678   0.152206 -0.0363993  -0.326642
 -0.134368   0.943995   0.301362  0.0241488
 0.0802299  -0.292757   0.952815   0.177876
         0          0          0          1
  0.988149   0.149992 -0.0326248  -0.332595
 -0.133325   0.943995   0.301823  0.0139636
 0.0760688  -0.293896   0.952806   0.181109
         0          0          0          1
    0.988869     0.143145   -0.0405861    -0.316041
   -0.124137     0.944125     0.305316 -0.000613748
   0.0820228    -0.296879     0.951386     0.186558
           0            0            0            1
 0.990198  0.133226 -0.041932 -0.313619
-0.115458  0.949727  0.291012 0.0178433
0.0785945 -0.283319    0.9558  0.177463
        0         0         0         1
  0.990615   0.127794 -0.0484898  -0.300956
 -0.108303   0.950293   0.291914 0.00843387
 0.0833843  -0.283923   0.955215   0.184615
         0          0          0          1
  0.990953   0.122336 -0.0551963  -0.290151
 -0.100885   0.950214   0.294814 0.00199906
 0.0885147  -0.286578   0.953959   0.184446
         0          0          0          1
  0.991902   0.116695 -0.0501332  -0.308865
-0.0980074   0.954319   0.282257  0.0262642
 0.0807811  -0.275058   0.958028   0.174087
         0          0          0          1
  0.991894   0.118858 -0.0449419   -0.32164
 -0.101274   0.953052    0.28537  0.0187026
 0.0767506  -0.278506   0.957363   0.174702
         0          0          0          1
  0.992368   0.112685 -0.0500824  -0.317927
-0.0942152   0.954884   0.281636  0.0211255
 0.0795591  -0.274768   0.958213   0.172747
         0          0          0          1
  0.993043   0.105128 -0.0530476  -0.316343
-0.0868697   0.958172   0.272692  0.0363855
 0.0794963  -0.266186   0.960638    0.16688
         0          0          0          1
  0.992753  0.0983866 -0.0690011  -0.286992
-0.0759065   0.958543   0.274653  0.0320912
 0.0931627  -0.267425   0.959064   0.171365
         0          0          0          1
  0.993833  0.0917821   -0.06223  -0.303209
-0.0713724   0.958939   0.274485  0.0304331
 0.0848676  -0.268351   0.959576   0.166326
         0          0          0          1
  0.994055  0.0870431 -0.0654093  -0.296364
-0.0658168   0.958942   0.275859  0.0263451
 0.0867354  -0.269914    0.95897   0.162839
         0          0          0          1
  0.994376  0.0816421 -0.0674555  -0.297372
-0.0599673   0.959063   0.276772  0.0291777
 0.0872903   -0.27117   0.958565   0.168126
         0          0          0          1
  0.994653  0.0756237 -0.0703248  -0.293183
-0.0532769   0.959139   0.277876   0.027038
 0.0884652  -0.272643   0.958039   0.163989
         0          0          0          1
  0.994297  0.0718246 -0.0788312  -0.273908
-0.0469431   0.958497   0.281212  0.0138794
 0.0957574  -0.275907   0.956402   0.166248
         0          0          0          1
  0.994318  0.0678299 -0.0820422  -0.260261
-0.0428971   0.960671   0.274357  0.0207148
 0.0974251  -0.269278   0.958122   0.164321
         0          0          0          1
  0.995101  0.0636601 -0.0756446  -0.259734
-0.0407257   0.961122   0.273105   0.014816
 0.0900896  -0.268687   0.959005   0.166146
         0          0          0          1
  0.995481  0.0641001 -0.0700631  -0.273126
-0.0441825   0.965726   0.255775  0.0557518
  0.084057  -0.251523   0.964194   0.151081
         0          0          0          1
   0.99592  0.0615092 -0.0660293  -0.263997
-0.0426149   0.965553   0.256694  0.0422477
 0.0795438  -0.252833   0.964235   0.149698
         0          0          0          1
  0.997025  0.0537781 -0.0552191  -0.272783
-0.0381426   0.966758   0.252834   0.042444
 0.0669804  -0.249975   0.965933   0.153147
         0          0          0          1
   0.99738  0.0484761 -0.0536906   -0.25804
-0.0334338   0.967121   0.252111  0.0341283
 0.0641466  -0.249655   0.966208   0.146464
         0          0          0          1
  0.997627  0.0451274 -0.0520051  -0.244366
-0.0306096   0.967215   0.252108   0.027793
 0.0616771  -0.249918   0.966301   0.153456
         0          0          0          1
   0.99786  0.0433354 -0.0489664  -0.234945
-0.0296064   0.967124   0.252575  0.0136019
  0.058302  -0.250585   0.966337   0.156381
         0          0          0          1
  0.998472  0.0372064 -0.0408578  -0.232904
-0.0263225   0.970329   0.240351  0.0149326
 0.0485881  -0.238908   0.969826   0.151348
         0          0          0          1
   0.999175   0.0351492  -0.0203404   -0.253333
  -0.029366    0.971321    0.235954 -0.00131747
  0.0280506   -0.235162    0.971551    0.152075
          0           0           0           1
   0.999272   0.0318157  -0.0210581   -0.226377
 -0.0261758    0.973239    0.228299 -0.00980012
   0.027758   -0.227581    0.973363    0.154529
          0           0           0           1
   0.999567   0.0257061  -0.0142983   -0.213718
 -0.0219757    0.975721     0.21791 -0.00614524
  0.0195528   -0.217501    0.975864    0.150071
          0           0           0           1
  0.999726  0.0207335 -0.0108915  -0.193022
 -0.017981   0.977473   0.210291 0.00195454
 0.0150062  -0.210038   0.977578   0.148675
         0          0          0          1
  0.999778  0.0209653  0.0022999  -0.225721
-0.0209898   0.978376   0.205768  0.0134112
0.00206381   -0.20577   0.978598   0.144674
         0          0          0          1
   0.999855   0.0104554   0.0134062   -0.219436
  -0.013063    0.977138    0.212202 -0.00467625
  -0.010881   -0.212347    0.977134    0.150159
          0           0           0           1
  0.999714 0.00674454  0.0229572  -0.201839
-0.0115149   0.976654    0.21451 -0.0179436
-0.0209744  -0.214713   0.976452   0.153105
         0          0          0          1
    0.9989 0.00210473  0.0468385  -0.209997
-0.0123153   0.975693   0.218798 -0.0379793
-0.0452395  -0.219134   0.974645   0.150026
         0          0          0          1
   0.997832 -0.00486199   0.0656333   -0.204667
  -0.010176    0.973877     0.22685  -0.0693101
 -0.0650217   -0.227026    0.971716     0.15836
          0           0           0           1
   0.996546  -0.0154625   0.0815843   -0.193342
-0.00233327    0.976907    0.213651  -0.0578001
 -0.0830039   -0.213104    0.973497    0.148006
          0           0           0           1
   0.99546 -0.0258894  0.0915893  -0.172424
0.00616263   0.977807   0.209415  -0.060265
-0.0949783    -0.2079   0.973528   0.152574
         0          0          0          1
  0.992238 -0.0347132   0.119413  -0.183164
0.00987232   0.979207   0.202622 -0.0601671
 -0.123964   -0.19987   0.971949   0.148517
         0          0          0          1
  0.988316 -0.0465527   0.145138  -0.183154
 0.0164776   0.979269   0.201895 -0.0739078
 -0.151527  -0.197145   0.968594   0.148165
         0          0          0          1
  0.983063 -0.0524492     0.1756  -0.191883
 0.0185877   0.981767    0.18918 -0.0702559
 -0.182321  -0.182712   0.966114    0.14968
         0          0          0          1
  0.979455 -0.0641093   0.191203  -0.168947
 0.0261689   0.980512   0.194707  -0.100029
  -0.19996  -0.185704   0.962045   0.153476
         0          0          0          1
  0.984261 -0.0549244    0.16797  -0.135572
 0.0256139   0.984778   0.171921  -0.041702
 -0.174856  -0.164912   0.970685    0.14832
         0          0          0          1
  0.980308  -0.064685    0.18658  -0.121217
 0.0348352   0.986658   0.159035 -0.0249195
 -0.194378  -0.149403   0.969482   0.139292
         0          0          0          1
   0.97582  -0.073389   0.205889   -0.11016
 0.0410387   0.986712   0.157208 -0.0310812
  -0.21469  -0.144958   0.965865   0.137438
         0          0          0          1
  0.971917 -0.0860584   0.219023 -0.0901519
 0.0515367   0.985978   0.158715 -0.0466663
 -0.229611   -0.14297   0.962724   0.139325
         0          0          0          1
  0.966904 -0.0898371     0.2388 -0.0864036
 0.0546651   0.987168   0.150035 -0.0408495
 -0.249214  -0.132016   0.959408   0.135916
         0          0          0          1
  0.960789 -0.0978143   0.259456 -0.0887859
 0.0599002   0.986836   0.150219 -0.0481536
 -0.270735  -0.128787      0.954   0.130571
         0          0          0          1
  0.957831   -0.10632   0.266939 -0.0611315
 0.0679845   0.986501   0.148974 -0.0422474
 -0.279175  -0.124545   0.952129   0.128958
         0          0          0          1
 0.949751 -0.112075  0.292254 -0.077006
0.0709254   0.98647  0.147808  -0.03947
-0.304865 -0.119653  0.944849  0.128398
        0         0         0         1
  0.945272  -0.121946   0.302638 -0.0608635
 0.0770814   0.984739   0.156035 -0.0552138
 -0.317047  -0.124168   0.940246   0.126628
         0          0          0          1
  0.937967  -0.130043   0.321414 -0.0617793
 0.0822835   0.984004   0.158003 -0.0526456
  -0.33682  -0.121754   0.933664   0.124247
         0          0          0          1
  0.931007   -0.14345    0.33563 -0.0562169
 0.0933159   0.982519   0.161084 -0.0420419
  -0.35287  -0.118651   0.928119   0.117019
         0          0          0          1
  0.943948  -0.133652   0.301827  0.0169674
 0.0941607   0.985398   0.141861 -0.0102209
  -0.31638   -0.10549   0.942749   0.116052
         0          0          0          1
  0.939202  -0.143276   0.312044  0.0321981
  0.101076   0.983879   0.147532 -0.0119783
 -0.328151  -0.107022   0.938543   0.118813
         0          0          0          1
   0.930115   -0.150332    0.335092   0.0220019
   0.107158    0.983772     0.14391 0.000531612
  -0.351289  -0.0979446     0.93113    0.114569
          0           0           0           1
    0.922491    -0.160728     0.350966    0.0320414
    0.116182     0.982641     0.144632 -0.000277883
    -0.36812   -0.0926456     0.925151     0.103905
           0            0            0            1
   0.912392   -0.172997    0.370963    0.030782
   0.124177     0.98057    0.151866 -0.00935529
  -0.390027  -0.0924965    0.916146      0.1039
          0           0           0           1
   0.904939   -0.184058    0.383677   0.0467174
   0.133847    0.978972    0.153943 -0.00556606
  -0.403943  -0.0879552    0.910546    0.101376
          0           0           0           1
   0.894463   -0.195336    0.402218   0.0491201
   0.142862    0.977229    0.156888 -0.00472828
  -0.423705  -0.0828687    0.902002    0.097155
          0           0           0           1
   0.884051   -0.204949    0.420059   0.0539944
     0.1492    0.975458    0.161927 -0.00594072
  -0.442937  -0.0804791    0.892933    0.101693
          0           0           0           1
  0.877693  -0.214034    0.42877  0.0700222
  0.156652   0.973707    0.16539 0.00148917
 -0.452896 -0.0779947   0.888145  0.0916823
         0          0          0          1
  0.869643  -0.220675   0.441614  0.0677461
  0.159167   0.972096   0.172321 0.00189521
 -0.467319 -0.0795672   0.880501  0.0957709
         0          0          0          1
   0.864226   -0.227552    0.448702   0.0747778
    0.16225    0.970275    0.179557 -0.00233792
  -0.476223  -0.0823762    0.875458   0.0961536
          0           0           0           1
   0.864374   -0.229151    0.447602   0.0801144
   0.165288    0.970145    0.177478 0.000836979
  -0.474908  -0.0794239    0.876444   0.0977839
          0           0           0           1
     0.8591   -0.234052    0.455156   0.0883459
   0.166232    0.968698    0.184366 -0.00644203
   -0.48406  -0.0827272    0.871115    0.101654
          0           0           0           1
  0.852616  -0.237055   0.465672  0.0855733
  0.171323   0.968732    0.17946 0.00420727
 -0.493654 -0.0732303    0.86657   0.100698
         0          0          0          1
  0.848186  -0.244884   0.469694  0.0956694
  0.178797   0.967036   0.181306 0.00199679
  -0.49861 -0.0698014   0.864011   0.097364
         0          0          0          1
  0.843355  -0.255793   0.472569   0.105601
  0.187702   0.964268   0.186964 -0.0021839
 -0.503507 -0.0689753   0.861233    0.10012
         0          0          0          1
   0.837482   -0.266876    0.476867    0.109142
   0.197188     0.96143    0.191754 -0.00517194
  -0.509649  -0.0665577    0.857804    0.101043
          0           0           0           1
  0.831344  -0.278122   0.481161   0.122393
  0.208741   0.958645   0.193459 -0.0119401
 -0.515068 -0.0603928   0.855019  0.0979613
         0          0          0          1
  0.824178  -0.284558    0.48965   0.134242
  0.216275   0.957218   0.192248 -0.0106495
 -0.523407 -0.0525476   0.850461   0.101077
         0          0          0          1
    0.817418    -0.290426     0.497474     0.131395
    0.220328     0.955566      0.19583 -0.000608781
   -0.532244   -0.0504676     0.845086     0.095178
           0            0            0            1
    0.80917   -0.305458    0.501935    0.143776
     0.2282    0.950565    0.210595 -0.00189314
   -0.54145  -0.0558654    0.838875   0.0963676
          0           0           0           1
   0.797659   -0.313782    0.515054    0.142913
   0.228131    0.947525    0.223947 -0.00423498
  -0.558297  -0.0611337    0.827385    0.103261
          0           0           0           1
  0.795804   -0.31469   0.517365   0.136724
  0.224612   0.946816   0.230412 -0.0144142
 -0.562357 -0.0671568   0.824163    0.10919
         0          0          0          1
  0.783883  -0.324277   0.529502   0.138968
  0.226221   0.943328   0.242811 -0.0144266
 -0.578232 -0.0705515   0.812816   0.116663
         0          0          0          1
  0.773664   -0.33963   0.534879   0.145148
  0.235526   0.937862   0.254839 -0.0126386
 -0.588193 -0.0711818   0.805582   0.114994
         0          0          0          1
   0.76232  -0.355077   0.541099   0.156001
   0.24404   0.932052   0.267814 -0.0187076
 -0.599427 -0.0721098   0.797175   0.116413
         0          0          0          1
  0.746427  -0.365422   0.556159   0.158486
  0.251288   0.928643   0.272904 -0.0205566
 -0.616198 -0.0639471   0.784991   0.121995
         0          0          0          1
  0.732984  -0.374944   0.567584   0.164762
  0.260612   0.925501   0.274825 -0.0214933
 -0.628343 -0.0535233   0.776093   0.121744
         0          0          0          1
  0.717205  -0.383361   0.581938   0.170332
  0.266511   0.922493   0.279247 -0.0238104
 -0.643886 -0.0451838   0.763786   0.129986
         0          0          0          1
  0.701222   -0.39593   0.592897   0.179512
  0.281161   0.917794   0.280362 -0.0276848
 -0.655161  -0.029896   0.754897    0.13071
         0          0          0          1
  0.682617  -0.411098   0.604179   0.191535
  0.296221   0.911452   0.285496 -0.0389048
 -0.668047 -0.0159144   0.743949   0.135472
         0          0          0          1
   0.662944   -0.413361     0.62421    0.192099
   0.300105    0.910567    0.284263  -0.0418842
  -0.685888 -0.00112258    0.727706    0.143668
          0           0           0           1
  0.644711  -0.419193   0.639238    0.19945
  0.311811   0.907713    0.28077 -0.0414261
 -0.697941  0.0183062   0.715921   0.146023
         0          0          0          1
  0.646348  -0.434227   0.627441   0.211224
  0.322059   0.900701   0.291575 -0.0737939
 -0.691746  0.0136141   0.722013   0.131482
         0          0          0          1
  0.627094  -0.435982   0.645501   0.209871
  0.325488   0.899538   0.291357 -0.0719995
  -0.70768   0.027395   0.706002   0.138925
         0          0          0          1
  0.603935  -0.447008   0.659883   0.216593
   0.33065   0.893834   0.302872 -0.0766581
 -0.725212  0.0352749   0.687621   0.153596
         0          0          0          1
   0.57938  -0.465951   0.668737   0.225293
  0.349866   0.883219   0.312278 -0.0804539
 -0.736147  0.0530409    0.67474   0.155625
         0          0          0          1
  0.557086   -0.47742   0.679504   0.233961
  0.360179    0.87617   0.320308 -0.0880227
 -0.748282  0.0663038   0.660058    0.16648
         0          0          0          1
  0.533301  -0.486763   0.691846   0.231545
  0.373065   0.869362   0.324086 -0.0883842
 -0.759218  0.0852684   0.645226   0.178069
         0          0          0          1
  0.513646  -0.499412   0.697678   0.238304
  0.386563   0.860639   0.331466 -0.0906875
 -0.765987  0.0994405   0.635118   0.184298
         0          0          0          1
  0.488529  -0.503067   0.712926   0.237229
  0.385395   0.857449   0.340958 -0.0967364
 -0.782822    0.10819   0.612768   0.199367
         0          0          0          1
  0.462281  -0.511715   0.724185   0.242766
  0.401048   0.849041   0.343932 -0.0956843
 -0.790858    0.13144   0.597718   0.200083
         0          0          0          1
   0.43517  -0.524008    0.73215   0.247573
  0.408483   0.839584   0.358108 -0.0918097
 -0.802352   0.143233    0.57941   0.206847
         0          0          0          1
  0.405904  -0.540634   0.736856   0.247822
  0.411199   0.828079   0.381052 -0.0958511
 -0.816184   0.148324   0.558429   0.215101
         0          0          0          1
  0.382769  -0.521467   0.762601   0.216069
   0.39363   0.838843   0.376029 -0.0806277
 -0.835789    0.15625   0.526348   0.251325
         0          0          0          1
  0.355646  -0.538618    0.76381   0.226765
  0.398848   0.826554   0.397151 -0.0853788
 -0.845243   0.163399   0.508787   0.251727
         0          0          0          1
  0.317839  -0.553343   0.769929   0.231324
  0.404389   0.813589   0.417783 -0.0891981
 -0.857583   0.178563   0.482356    0.25434
         0          0          0          1
  0.285769  -0.557081   0.779741   0.231012
    0.3972   0.809344   0.432659 -0.0899776
 -0.872105   0.186073   0.452559   0.258276
         0          0          0          1
  0.253582  -0.563212    0.78644   0.235104
  0.397184   0.801942   0.446245 -0.0916517
  -0.88201   0.199202   0.427057   0.257609
         0          0          0          1
  0.228332  -0.561538   0.795323   0.235905
  0.405311   0.797574   0.446765 -0.0843855
 -0.885205   0.220342   0.409709   0.249292
         0          0          0          1
  0.202585  -0.565422   0.799535   0.243322
  0.406629    0.79132   0.456581 -0.0927836
 -0.890849   0.232617   0.390226   0.247427
         0          0          0          1
  0.181677  -0.558874   0.809106   0.243442
  0.411168   0.790594   0.453764 -0.0934753
 -0.893272    0.25024   0.373424   0.243314
         0          0          0          1
   0.16574  -0.552635   0.816777   0.244653
  0.416019   0.790109   0.450174 -0.0933744
 -0.894125   0.265182    0.36086   0.238206
         0          0          0          1
  0.147926  -0.558535   0.816184   0.258525
  0.437824   0.776974   0.452351 -0.0964911
 -0.886808   0.290431   0.359475   0.223056
         0          0          0          1
  0.140306  -0.537158    0.83173   0.250396
  0.437655   0.787164   0.434547 -0.0897808
 -0.888129   0.303041   0.345534   0.218824
         0          0          0          1
  0.177258  -0.522096   0.834264   0.261059
  0.435375   0.801828   0.409292 -0.0647767
 -0.882626   0.290667   0.369438   0.195359
         0          0          0          1
 0.169866 -0.514743  0.840348  0.266921
 0.442061  0.801932  0.401855  -0.06398
-0.880754  0.303223  0.363769   0.18647
        0         0         0         1
  0.158659  -0.509265   0.845858   0.262469
  0.446013   0.801284   0.398769 -0.0628113
 -0.880852   0.313995    0.35427   0.183113
         0          0          0          1
  0.151043  -0.506533   0.848888   0.270123
  0.457478   0.797065    0.39421 -0.0602542
 -0.876299   0.328805   0.352119   0.167988
         0          0          0          1
  0.142185   -0.49187   0.858981   0.272479
  0.454861   0.803213   0.384644 -0.0608456
 -0.879139   0.336026   0.337937   0.163552
         0          0          0          1
   0.13256   -0.48285   0.865612   0.269179
  0.447928   0.808236    0.38225 -0.0595437
 -0.884188   0.337061   0.323422   0.161071
         0          0          0          1
   0.11975  -0.488937   0.864061    0.27153
   0.45716   0.799719    0.38917 -0.0561479
 -0.881286   0.348411   0.319289   0.150425
         0          0          0          1
  0.112114  -0.484737   0.867445   0.268804
  0.455652   0.800843   0.388628 -0.0535298
  -0.88307   0.351682   0.310657   0.144695
         0          0          0          1
  0.109263  -0.480193   0.870331   0.269955
  0.445033   0.806549   0.389132 -0.0554785
 -0.888823   0.344809   0.301828   0.141676
         0          0          0          1
 0.0978528  -0.486205   0.868349   0.274675
  0.454019   0.798256   0.395796 -0.0563932
 -0.885602   0.355517   0.298858   0.132401
         0          0          0          1
 0.0906415  -0.482623   0.871125   0.268458
  0.454922   0.798194   0.394882 -0.0546566
 -0.885906   0.360501   0.291905   0.130881
         0          0          0          1
 0.0837427  -0.489376   0.868043   0.269146
  0.406299   0.812174   0.418682 -0.0884128
 -0.909895   0.317623   0.266846   0.167436
         0          0          0          1
 0.0814933  -0.490034   0.867886   0.268004
  0.409488   0.810355     0.4191 -0.0844468
 -0.908669   0.321235   0.266701   0.159224
         0          0          0          1
 0.0818036  -0.488079   0.868958   0.263793
  0.410387    0.81103   0.416908 -0.0797344
 -0.908235   0.322504   0.266646   0.149711
         0          0          0          1
 0.0766181  -0.489177   0.868813   0.262736
  0.416149   0.807537   0.417977 -0.0744176
 -0.906063   0.329531   0.265442   0.142497
         0          0          0          1
 0.0733525  -0.486978   0.870329   0.256869
  0.414379   0.808666   0.417551 -0.0702394
 -0.907144   0.330017   0.261111    0.14156
         0          0          0          1
 0.0725409    -0.4953   0.865688   0.260266
  0.412844   0.805035   0.426003 -0.0718152
 -0.907909   0.326491   0.262879   0.137483
         0          0          0          1
 0.0686696  -0.504105   0.860908   0.259754
  0.422753    0.79634   0.432577 -0.0663147
 -0.903639   0.334247   0.267796     0.1286
         0          0          0          1
  0.061358  -0.510256   0.857831   0.262028
   0.43156   0.788523   0.438163 -0.0639314
 -0.899995   0.343321   0.268589   0.120545
         0          0          0          1
 0.0511592  -0.508861   0.859327   0.262303
  0.431562   0.787232   0.440477 -0.0634075
 -0.900632   0.348318   0.259879   0.120097
         0          0          0          1
 0.0433664  -0.507289   0.860684   0.258891
  0.425714    0.78875   0.443441 -0.0624859
 -0.903818   0.347175   0.250166    0.12026
         0          0          0          1
 0.0285557  -0.513028   0.857897   0.258391
  0.438084   0.777855   0.450581 -0.0510961
  -0.89848   0.362964   0.246962   0.116824
         0          0          0          1
 0.0268425  -0.518812   0.854467   0.255864
  0.450493   0.769334   0.452969 -0.0503594
 -0.892376   0.372773   0.254372     0.1064
         0          0          0          1
  0.017376  -0.523205    0.85203   0.258278
  0.446474    0.76654   0.461603 -0.0481333
 -0.894628   0.372388   0.246917   0.102412
         0          0          0          1
-0.00306287   -0.526922    0.849908    0.261087
   0.443891    0.760873    0.473322  -0.0481898
  -0.896076    0.378716    0.231565    0.103317
          0           0           0           1
-0.0269887  -0.530608   0.847188   0.263372
